Rank	ID	GeneSet	NumGenes	Type	p.value	p.adj	vote.rank	avg.rank	med.rank	min.pvalue	min.rank	avg.logfc	avg.logfc.dir	direction	significance	camera	roast	safe	gage	padog	plage	zscore	gsva	ssgsea	globaltest	ora	fry
1	hsa05134	Legionellosis	45/55	Disease	8.89707254260434e-09	2.56235689227005e-06	5	5.16666666666667	1	7.41422714907086e-10	1	1.12215692621646	1.12673763350715	1	85.4499082005893	1	1	11	1	21	3	1	1	1	19	1	1
2	hsa00900	Terpenoid backbone biosynthesis	21/22	Metabolism	8.5318642861987e-08	8.49857782695947e-06	25	39.0833333333333	23	7.10988718319330e-09	1	0.752361357529996	0.771774431439433	1	51.95205053991	21	5	66	173	48	1	38	25	7	46	21	18
3	hsa00920	Sulfur metabolism	10/10	Metabolism	1.18035803152215e-07	8.49857782695947e-06	255	158.666666666667	172	9.8363174614935e-09	2	0.811865475894541	0.845851433189744	1	56.0616106781406	243	255	91	150	96	2	238	252	194	15	80	288
4	hsa03010	Ribosome	127/154	Signaling	9.99663819381435e-08	8.49857782695947e-06	115	109.25	78.5	8.33053220986633e-09	2	0.35972424284093	0.359649212846321	1	24.835173932635	2	113	45	268	73	83	19	44	214	74	261	115
5	hsa00072	Synthesis and degradation of ketone bodies	8/10	Metabolism	2.14154804977673e-07	1.2335316766714e-05	170	123.333333333333	121	1.94686205294697e-08	4	0.852411951573399	0.923418718611828	1	56.9833382162209	166	108	208	270	148	4	156	58	52	122	68	120
6	hsa00534	Glycosaminoglycan biosynthesis - heparan sulfate / heparin	16/24	Metabolism	3.65791247619067e-07	1.31982959652211e-05	195	135.666666666667	130	3.04826090787971e-08	6	0.638418595114801	-0.568058741172769	-1	42.4204546027644	158	192	68	110	113	6	135	125	84	192	249	196
7	hsa04122	Sulfur relay system	8/8	Signaling	3.66619332367253e-07	1.31982959652211e-05	80	135.666666666667	105	3.33290357693273e-08	2	0.887424217898607	-0.887424217898607	-1	58.9692827685718	80	106	245	284	118	230	104	15	2	81	270	93
8	hsa04913	Ovarian steroidogenesis	33/50	Signaling	2.76115257226402e-07	1.31982959652211e-05	5	131.916666666667	125	2.30096076807979e-08	4	1.50480202828568	1.97272047968131	1	100	246	237	147	9	103	5	228	267	92	14	4	231
9	hsa04622	RIG-I-like receptor signaling pathway	46/70	Signaling	5.03621234050345e-07	1.6115879489611e-05	210	148.333333333333	166.5	4.19684458582882e-08	7	0.600782676202947	0.536765150230551	1	39.2094400913551	210	150	12	215	55	7	205	233	163	170	209	151
10	hsa00785	Lipoic acid metabolism	3/3	Metabolism	7.4489996666791e-07	1.95028354909416e-05	5	68.3333333333333	34.5	6.77182017167614e-08	2	0.83208959004164	-0.83208959004164	-1	53.3698711568916	52	69	20	282	9	9	49	2	4	3	256	65
11	hsa04920	Adipocytokine signaling pathway	50/69	Signaling	7.33628774759702e-07	1.95028354909416e-05	120	80.5	85.5	6.11357517866618e-08	8	0.867428719441075	0.877635338568951	1	55.6368741805532	88	116	10	58	28	8	128	177	117	83	28	125
12	hsa00532	Glycosaminoglycan biosynthesis - chondroitin sulfate / dermatan sulfate	17/20	Metabolism	1.10323625723498e-06	2.17705193632806e-05	45	51.9166666666667	50	9.19364012572278e-08	3	1.15941753985056	-0.739669393874136	-1	73.613561713515	41	93	67	43	65	34	64	57	3	17	43	96
13	hsa03018	RNA degradation	71/77	Signaling	1.0641543276419e-06	2.17705193632806e-05	60	68.0833333333333	57.5	8.86795705558433e-08	4	0.596829061967428	0.606627429018938	1	37.889594225365	56	9	4	225	59	11	67	116	86	56	107	21
14	hsa04710	Circadian rhythm	28/31	Signaling	1.13388121683753e-06	2.17705193632806e-05	10	23.3333333333333	15.5	9.44901505092491e-08	5	0.860580045549418	0.875278645360213	1	54.6375937540861	9	8	15	107	26	12	28	19	5	25	16	10
15	hsa05120	Epithelial cell signaling in Helicobacter pylori infection	55/68	Disease	9.22488269676865e-07	2.17705193632806e-05	10	86.6666666666667	68.5	7.68740549759757e-08	9	0.580019626634994	0.623957202913529	1	36.8222070588707	51	56	9	201	116	10	68	61	69	157	168	74
16	hsa04012	ErbB signaling pathway	69/86	Signaling	1.40476880280237e-06	2.52858384504426e-05	25	38.75	28	1.17064142272242e-07	13	0.739704259979895	0.743099971695862	1	46.3071100465861	24	39	53	146	17	13	23	32	22	44	37	15
17	hsa00440	Phosphonate and phosphinate metabolism	6/6	Metabolism	2.01628680257744e-06	3.41582705377826e-05	240	199.166666666667	221.5	1.83298968226779e-07	14	0.440448992335856	0.478589777633137	1	26.7860013274816	239	236	92	276	168	14	211	214	284	184	243	229
18	hsa00380	Tryptophan metabolism	27/40	Metabolism	2.36537452858409e-06	3.45724396169319e-05	135	120	119.5	1.97114757746786e-07	16	0.618419388129317	0.543796897749517	1	37.568707798167	133	201	64	144	105	16	132	92	152	107	82	212
19	hsa00620	Pyruvate metabolism	35/39	Metabolism	2.23498586889359e-06	3.45724396169319e-05	220	143.333333333333	159.5	1.86249013195503e-07	15	0.840390929392579	0.837062088770107	1	51.0564781524707	201	218	87	123	30	15	196	219	268	43	110	210
20	hsa05211	Renal cell carcinoma	58/65	Disease	2.40086386228693e-06	3.45724396169319e-05	20	56	27	2.00072208682652e-07	4	0.626728108281752	0.602988970168123	1	38.0735748127241	18	4	7	194	57	17	21	11	85	105	120	33
21	hsa05202	Transcriptional misregulation in cancer	114/180	Disease	2.52282713302813e-06	3.45987721101001e-05	115	85.4166666666667	109.5	2.10235837513931e-07	2	0.778423750269949	0.818290836618049	1	47.2876289827427	122	112	2	70	23	18	107	134	129	9	186	113
22	hsa00670	One carbon pool by folate	17/20	Metabolism	3.33230267096899e-06	4.17262247495247e-05	5	34.4166666666667	29	2.77692313368638e-07	2	0.816155433931532	-0.816155433931532	-1	48.6758816543379	31	2	42	56	27	126	44	5	6	26	44	4
23	hsa04520	Adherens junction	66/72	Signaling	3.21378547740788e-06	4.17262247495247e-05	145	122.75	125	2.6781585093962e-07	19	0.519678792272886	0.540300627342052	1	30.9907463030133	53	145	81	237	131	19	119	113	144	94	185	152
24	hsa04141	Protein processing in endoplasmic reticulum	153/166	Signaling	3.69788083323118e-06	4.43745699987742e-05	5	50.5	37	3.0815725838699e-07	2	0.790420701932476	0.784422229078631	1	46.8530642416522	3	38	44	240	42	81	2	12	36	33	49	26
25	hsa04915	Estrogen signaling pathway	76/98	Signaling	3.93477478242736e-06	4.47146250119977e-05	80	58.8333333333333	63	3.27898489880775e-07	7	0.980130953076609	1.09771786451608	1	58.0561604740376	71	60	78	11	15	20	116	157	66	28	7	77
26	hsa05169	Epstein-Barr virus infection	164/202	Disease	4.03673698024979e-06	4.47146250119977e-05	15	79.0833333333333	61	3.36395370743601e-07	3	0.680687405826351	0.667211821893083	1	40.3165660208286	13	42	95	213	123	45	3	13	77	124	194	7
27	hsa04152	AMPK signaling pathway	101/121	Signaling	5.45016616797041e-06	5.70358476633182e-05	25	36	24.5	4.54181648541152e-07	3	0.68195057343643	0.66604394134996	1	39.4096385216388	11	35	3	118	24	21	10	27	65	71	25	22
28	hsa05031	Amphetamine addiction	42/68	Disease	5.54515185615593e-06	5.70358476633182e-05	55	35.75	24.5	4.62097162447017e-07	1	1.50905764754181	1.51403880970137	1	87.2182725597764	55	43	140	6	7	22	54	52	27	1	3	19
29	hsa04390	Hippo signaling pathway	129/154	Signaling	6.39888536060207e-06	6.35475511673585e-05	100	63.9166666666667	60.5	5.33242010622791e-07	2	0.739593568693926	0.792434888740668	1	42.2685753204243	28	95	21	97	2	23	42	97	142	63	58	99
30	hsa03040	Spliceosome	127/134	Signaling	6.96493091870737e-06	6.47064549867008e-05	5	94.5	70.5	5.80412762723059e-07	4	0.627616431371655	0.626938265931752	1	35.8005607409157	14	28	158	265	171	118	4	8	94	47	222	5
31	hsa04068	FoxO signaling pathway	110/132	Signaling	6.90767769448551e-06	6.47064549867008e-05	35	50.5833333333333	40	5.75641630368372e-07	6	0.858616606393345	0.902810866760116	1	48.9804712414178	29	65	127	87	60	24	18	33	35	78	6	45
32	hsa05162	Measles	88/134	Disease	8.60791135850025e-06	7.74712022265022e-05	70	66.4166666666667	69	7.17328776618077e-07	19	0.821698112511966	0.785951605258124	1	45.9989450278297	66	19	104	61	79	25	82	114	47	92	72	36
33	hsa04380	Osteoclast differentiation	85/130	Signaling	9.0043226584717e-06	7.85831795648439e-05	15	22.5833333333333	15	7.50363318279664e-07	5	0.941741140381587	0.990390526429167	1	52.6408670086583	15	14	52	15	5	46	9	31	8	24	41	11
34	hsa04020	Calcium signaling pathway	93/182	Signaling	9.30338810709194e-06	7.88051698483082e-05	105	135.75	116.5	7.75285648122218e-07	26	0.759556921197775	-0.764209438861312	-1	42.4429026501412	192	232	103	104	101	26	192	186	73	129	50	241
35	hsa04140	Regulation of autophagy	116/127	Signaling	1.11662245334713e-05	8.18462344339289e-05	20	86.1666666666667	56.5	9.30523473414478e-07	5	0.686703482312886	0.609779645516686	1	38.217332660878	8	18	160	224	181	135	5	23	20	150	90	20
