Rank	ID	GeneSet	Description	NumGenes	p.value	p.adj	vote.rank	avg.rank	med.rank	min.pvalue	min.rank	avg.logfc	avg.logfc.dir	direction	significance	camera	roast	safe	gage	padog	plage	zscore	gsva	ssgsea	globaltest	ora	fry
1	gmtcustom2377	LET_7I_3P	http://www.gsea-msigdb.org/gsea/msigdb/human/geneset/LET_7I_3P	3/5	2.95004001585401e-08	7.66125392117287e-05	285	727.166666666667	304.5	2.681854595829e-09	1	0.253868865576705	-0.253868865576705	-1	27.0756992839072	609	325	283	2586	434	2	161	1	1518	99	2424	284
2	gmtcustom2362	MIR127_3P	http://www.gsea-msigdb.org/gsea/msigdb/human/geneset/MIR127_3P	5/6	8.50292673038779e-07	0.00110410503594085	15	1163.75	892	7.72993637885677e-08	2	0.392000762067616	-0.488731927145668	-1	30.0374612619784	911	14	1710	2572	873	2579	545	2	2238	100	2410	11
3	gmtcustom2239	MIR598_5P	http://www.gsea-msigdb.org/gsea/msigdb/human/geneset/MIR598_5P	2/5	2.98315272301843e-06	0.00258241587389295	5	1146.18181818182	1654	2.98315672766607e-07	1	1.49112346918866	-1.49112346918866	-1	100	2216	1959	284	2465	NA	1	1654	66	2182	1	3	1777
4	gmtcustom2349	MIR101_2_5P	http://www.gsea-msigdb.org/gsea/msigdb/human/geneset/MIR101_2_5P	5/6	7.65908339350653e-06	0.00497265989323411	100	516.166666666667	109	6.96282732543748e-07	3	0.296298805537151	-0.296298805537151	-1	17.6859297268375	119	99	276	2559	361	5	146	3	41	98	2397	90
5	gmtcustom2067	MIR621	http://www.gsea-msigdb.org/gsea/msigdb/human/geneset/MIR621	29/36	3.41467621142127e-05	0.0177358282421221	1125	684.583333333333	601.5	2.84560804526359e-06	3	0.961464926124173	0.961464926124173	1	43.6297720222886	1121	885	244	960	61	3	318	195	1245	121	2122	940
6	gmtcustom2208	MIR885_3P	http://www.gsea-msigdb.org/gsea/msigdb/human/geneset/MIR885_3P	24/29	6.67539747461347e-05	0.0192622302684124	1100	664.25	535	5.56300143410562e-06	4	0.961464926124173	0.961464926124173	1	42.7364442164712	1099	101	681	860	886	4	374	37	960	322	2258	389
7	gmtcustom2336	MIR3197	http://www.gsea-msigdb.org/gsea/msigdb/human/geneset/MIR3197	4/5	6.66696736688238e-05	0.0192622302684124	420	1156.91666666667	1194.5	6.06106310352836e-06	6	0.411988350007215	-0.411988350007215	-1	18.3125941974432	418	100	1103	2546	1286	1302	410	6	1989	2105	2384	234
8	gmtcustom2369	MIR412_5P	http://www.gsea-msigdb.org/gsea/msigdb/human/geneset/MIR412_5P	4/5	5.90469045111468e-05	0.0192622302684124	740	1100.58333333333	837	5.36804448729209e-06	5	0.487420859164666	-0.487420859164666	-1	21.6655165426323	738	743	715	2579	1279	1595	931	5	152	1527	2417	526
9	gmtcustom2421	GCGCCTT_MIR525_MIR524	http://www.gsea-msigdb.org/gsea/msigdb/human/geneset/GCGCCTT_MIR525_MIR524	13/15	5.77210124157501e-05	0.0192622302684124	615	897	709.5	4.81021162568607e-06	4	0.246931660190637	-0.198794901715089	-1	10.9759396211811	614	82	1094	158	1601	1974	417	4	805	1431	2451	133
10	gmtcustom28	MIR4262	http://www.gsea-msigdb.org/gsea/msigdb/human/geneset/MIR4262	600/769	0.000116038488018238	0.0301351953383365	5	581	373.5	1.05495098993883e-05	1	0.680317685476291	-0.683869683972354	-1	26.8130584955581	1	445	290	2429	194	1311	246	309	201	438	483	625
11	gmtcustom2199	MIR4538	http://www.gsea-msigdb.org/gsea/msigdb/human/geneset/MIR4538	21/27	0.000136630131535505	0.0322571319634279	25	264.166666666667	53	1.13865573628477e-05	6	0.65754892102794	-0.65754892102794	-1	25.412139045459	69	37	259	224	24	6	107	21	15	143	2249	16
12	gmtcustom78	MIR181D_5P	http://www.gsea-msigdb.org/gsea/msigdb/human/geneset/MIR181D_5P	470/599	0.000205584415059642	0.0355935150606593	5	616.583333333333	383.5	1.71336490867149e-05	3	0.669638006392457	-0.673542836378563	-1	25.1376004743928	3	682	300	2204	280	1109	320	275	290	749	447	740
13	gmtcustom79	MIR181C_5P	http://www.gsea-msigdb.org/gsea/msigdb/human/geneset/MIR181C_5P	472/601	0.000195432522277185	0.0355935150606593	5	587.583333333333	384	1.62875024989442e-05	2	0.66411054184835	-0.667157890513527	-1	24.930104491289	2	746	298	2208	261	1015	317	277	274	479	451	723
14	gmtcustom2063	MIR6819_3P	http://www.gsea-msigdb.org/gsea/msigdb/human/geneset/MIR6819_3P	27/34	0.000183176126407482	0.0355935150606593	70	370.083333333333	86	1.52659589076583e-05	7	0.663822924735848	-0.663822924735848	-1	24.9193076069237	178	83	675	886	219	7	69	69	89	27	2118	21
15	gmtcustom2069	MIR6877_3P	http://www.gsea-msigdb.org/gsea/msigdb/human/geneset/MIR6877_3P	27/33	0.000183176126407482	0.0355935150606593	25	366.583333333333	80	1.52659589076583e-05	8	0.663822924735848	-0.663822924735848	-1	24.9193076069237	179	25	676	887	220	8	70	70	90	28	2124	22
16	gmtcustom77	MIR181A_5P_MIR181B_5P	http://www.gsea-msigdb.org/gsea/msigdb/human/geneset/MIR181A_5P_MIR181B_5P	471/600	0.000236094492582667	0.0383210873273242	750	625.5	393	1.96766703513526e-05	4	0.669638006392457	-0.673542836378563	-1	24.5811529852462	4	778	299	2218	278	1064	337	287	295	748	449	749
17	gmtcustom4	MIR607	http://www.gsea-msigdb.org/gsea/msigdb/human/geneset/MIR607	744/981	0.000428336044090803	0.0386718839400514	725	733.166666666667	661.5	3.89472239170368e-05	10	0.667607631323487	-0.681682472517914	-1	24.4381566015691	10	1023	721	2406	722	259	448	865	311	602	497	934
18	gmtcustom141	MIR300	http://www.gsea-msigdb.org/gsea/msigdb/human/geneset/MIR300	371/449	0.000389488983925443	0.0386718839400514	10	615	413	3.24632109303034e-05	8	0.747224632647466	-0.802355438158952	-1	27.3525821881824	8	745	319	2355	140	409	378	549	205	1077	417	778
19	gmtcustom371	MIR105_5P	http://www.gsea-msigdb.org/gsea/msigdb/human/geneset/MIR105_5P	177/221	0.000408359658587391	0.0386718839400514	10	650.333333333333	314	3.40363424254495e-05	9	0.66905139304745	-0.66905139304745	-1	24.491006320088	9	330	1514	1596	1438	137	180	467	21	1531	298	283
20	gmtcustom534	MIR4524A_5P	http://www.gsea-msigdb.org/gsea/msigdb/human/geneset/MIR4524A_5P	185/240	0.000309786087847075	0.0386718839400514	5	328.833333333333	109	2.581917346851e-05	2	0.748728986468244	-0.681241743402544	-1	27.4076499148448	5	93	387	1224	115	1150	2	50	146	642	29	103
21	gmtcustom535	MIR4524B_5P	http://www.gsea-msigdb.org/gsea/msigdb/human/geneset/MIR4524B_5P	185/240	0.000309786087847075	0.0386718839400514	10	339.083333333333	131.5	2.581917346851e-05	3	0.748728986468244	-0.681241743402544	-1	27.4076499148448	6	205	388	1225	116	1151	3	51	147	643	30	104
22	gmtcustom1338	MIR5581_5P	http://www.gsea-msigdb.org/gsea/msigdb/human/geneset/MIR5581_5P	59/75	0.000431838519161144	0.0386718839400514	595	366.75	266	3.59936679012986e-05	10	0.856339619998327	-0.856339619998327	-1	31.3467983195371	593	373	150	69	200	12	281	251	10	686	1460	316
23	gmtcustom1402	MIR1228_3P	http://www.gsea-msigdb.org/gsea/msigdb/human/geneset/MIR1228_3P	59/75	0.000340057127328547	0.0386718839400514	690	701.583333333333	629	2.83425116654897e-05	11	0.456794240135024	-0.456794240135024	-1	16.7212125938408	688	1084	570	1246	222	11	261	228	1258	146	1515	1190
24	gmtcustom1871	MIR374C_3P	http://www.gsea-msigdb.org/gsea/msigdb/human/geneset/MIR374C_3P	43/53	0.000331952838818225	0.0386718839400514	1150	641.916666666667	328.5	2.76669462094665e-05	10	0.251331342307705	-0.254879511667978	-1	9.20012643674008	1150	286	219	317	60	10	919	909	335	1241	1935	322
25	gmtcustom2004	MIR6802_3P	http://www.gsea-msigdb.org/gsea/msigdb/human/geneset/MIR6802_3P	32/42	0.000282572648480748	0.0386718839400514	660	500.5	484.5	2.35507709807444e-05	9	0.480362323712077	-0.480362323712077	-1	17.5839356889358	655	26	659	105	202	9	576	627	393	658	2060	36
26	gmtcustom2299	MIR602	http://www.gsea-msigdb.org/gsea/msigdb/human/geneset/MIR602	5/8	0.000314730064399594	0.0386718839400514	735	570.833333333333	167.5	2.86159180386817e-05	3	0.377602234084102	-0.377602234084102	-1	13.8223442007589	732	81	279	2509	214	121	414	7	103	3	2347	40
27	gmtcustom2350	MIR196B_3P	http://www.gsea-msigdb.org/gsea/msigdb/human/geneset/MIR196B_3P	5/6	0.000425270418002089	0.0386718839400514	15	975.166666666667	934.5	3.86684224583606e-05	10	0.484358565124742	-0.354541465702863	-1	17.730220377252	1397	1363	277	2560	10	15	1721	639	79	13	2398	1230
28	gmtcustom2384	TGAATGT_MIR181A_MIR181B_MIR181C_MIR181D	http://www.gsea-msigdb.org/gsea/msigdb/human/geneset/TGAATGT_MIR181A_MIR181B_MIR181C_MIR181D	399/488	0.000385732971764707	0.0386718839400514	10	872.166666666667	377	3.2150098663172e-05	7	0.63255157973511	-0.63255157973511	-1	23.1549099078252	7	443	311	2393	151	1850	40	186	1570	778	2427	310
29	gmtcustom2472	CGGTGTG_MIR220	http://www.gsea-msigdb.org/gsea/msigdb/human/geneset/CGGTGTG_MIR220	5/6	0.000405309959947284	0.0386718839400514	2305	1531.33333333333	2000.5	3.685315001781e-05	13	0.246444475522626	-0.259439482840445	-1	9.02123990044807	2302	2341	712	2590	862	13	2167	31	1834	677	2495	2352
30	gmtcustom381	MIR7853_5P	http://www.gsea-msigdb.org/gsea/msigdb/human/geneset/MIR7853_5P	177/222	0.000478066636598897	0.0400496469434625	15	608.333333333333	289.5	3.9847618303135e-05	11	0.66905139304745	-0.66905139304745	-1	24.2274183172755	11	280	1515	1827	1251	146	179	488	24	1024	299	256
31	gmtcustom1673	MIR4802_5P	http://www.gsea-msigdb.org/gsea/msigdb/human/geneset/MIR4802_5P	40/64	0.000463089309857238	0.0400496469434625	1215	765.416666666667	728	3.85989691095072e-05	14	0.540242574916506	-0.540242574916506	-1	19.5630454780593	1215	1423	230	191	391	14	923	1071	53	533	1756	1385
32	gmtcustom1000	MIR4520_2_3P	http://www.gsea-msigdb.org/gsea/msigdb/human/geneset/MIR4520_2_3P	95/126	0.000496865675637791	0.0403237549884795	5	648.5	217.5	4.14149052367028e-05	1	0.823641314229127	-0.823641314229127	-1	29.7621408575973	197	6	1285	896	1703	1944	4	238	4	1330	174	1
33	gmtcustom2253	MIR933	http://www.gsea-msigdb.org/gsea/msigdb/human/geneset/MIR933	4/6	0.000523506010276611	0.0411983366269199	1775	1021.83333333333	893	4.76027839870259e-05	16	0.221046879444128	-0.247241564760242	-1	7.93411322891131	1774	1606	281	2471	410	16	1376	22	366	101	2301	1538
34	gmtcustom48	MIR548D_3P	http://www.gsea-msigdb.org/gsea/msigdb/human/geneset/MIR548D_3P	517/611	0.000637202408176223	0.0438537474696548	15	524.166666666667	453.5	5.79442764303245e-05	14	0.662240815428224	-0.607322264798642	-1	23.3045156154573	14	474	291	2443	23	691	115	595	241	496	469	438
35	gmtcustom49	MIR548H_3P_MIR548Z	http://www.gsea-msigdb.org/gsea/msigdb/human/geneset/MIR548H_3P_MIR548Z	515/611	0.000971614244431446	0.0438537474696548	30	529.833333333333	439.5	8.83676014916644e-05	26	0.662240815428224	-0.607322264798642	-1	23.3045156154573	26	446	292	2444	28	667	135	665	245	509	468	433
