Rank	ID	GeneSet	Description	NumGenes	p.value	p.adj	vote.rank	avg.rank	med.rank	min.pvalue	min.rank	avg.logfc	avg.logfc.dir	direction	significance
1	gmtcustom15	MIR520D_5P	http://www.gsea-msigdb.org/gsea/msigdb/human/geneset/MIR520D_5P	741/939	1.58122396933907e-08	2.58924751790299e-07	80	882.944444444444	708.5	4.79158782261088e-10	79	0.745426070103316	0.285721498139609	0.333333333333333	20.2596136856304
2	gmtcustom16	MIR524_5P	http://www.gsea-msigdb.org/gsea/msigdb/human/geneset/MIR524_5P	741/941	1.5408764527233e-08	2.58924751790299e-07	70	870.638888888889	681	4.6693226188941e-10	69	0.745344026933853	0.285721498139609	0.333333333333333	20.2939091622862
3	gmtcustom20	MIR3658	http://www.gsea-msigdb.org/gsea/msigdb/human/geneset/MIR3658	626/819	1.89238120334795e-08	2.58924751790299e-07	40	772.333333333333	612.5	5.73448854760875e-10	40	0.748425320053883	0.280292711505002	0.333333333333333	21.1257792300276
4	gmtcustom24	MIR548E_5P	http://www.gsea-msigdb.org/gsea/msigdb/human/geneset/MIR548E_5P	604/745	1.16049499544327e-08	2.58924751790299e-07	965	1096.91666666667	1120	3.51665152113019e-10	73	0.736320208029004	0.174459715522649	0.333333333333333	18.3279998305908
5	gmtcustom44	MIR95_5P	http://www.gsea-msigdb.org/gsea/msigdb/human/geneset/MIR95_5P	527/672	1.12190406444392e-08	2.58924751790299e-07	15	575.888888888889	344.5	3.39970930468651e-10	13	0.803541563294407	0.293886540652034	0.333333333333333	19.7517718872382
6	gmtcustom61	MIR10527_5P	http://www.gsea-msigdb.org/gsea/msigdb/human/geneset/MIR10527_5P	451/592	1.27955656673889e-08	2.58924751790299e-07	75	725.805555555556	709	3.55432381860502e-10	74	0.756532949371246	0.364676824676043	0.333333333333333	19.1589970629592
7	gmtcustom62	MIR3529_3P	http://www.gsea-msigdb.org/gsea/msigdb/human/geneset/MIR3529_3P	435/547	9.25969207397838e-09	2.58924751790299e-07	95	976.555555555556	778.5	2.57213669879402e-10	75	0.715721611424163	0.2780817063452	0.333333333333333	19.6379808915169
8	gmtcustom139	MIR3688_3P	http://www.gsea-msigdb.org/gsea/msigdb/human/geneset/MIR3688_3P	318/416	1.84543912279013e-08	2.58924751790299e-07	180	785.111111111111	747.5	5.12621983151486e-10	144	0.704931221550527	0.357590057137233	0.333333333333333	17.8498651854741
9	gmtcustom184	MIR4531	http://www.gsea-msigdb.org/gsea/msigdb/human/geneset/MIR4531	250/333	1.62239322430695e-08	2.58924751790299e-07	605	980.138888888889	732.5	4.50664788083936e-10	45	0.745452435740425	0.240574852099806	0.333333333333333	14.5766483763349
10	gmtcustom186	MIR7159_5P	http://www.gsea-msigdb.org/gsea/msigdb/human/geneset/MIR7159_5P	283/372	1.99391517328728e-08	2.58924751790299e-07	845	1522.25	1518	5.53865331281551e-10	112	0.642880090293952	0.279477778294169	0.333333333333333	13.3845177784491
11	gmtcustom248	MIR3120_3P	http://www.gsea-msigdb.org/gsea/msigdb/human/geneset/MIR3120_3P	283/346	1.5731405533149e-08	2.58924751790299e-07	25	750.138888888889	498	4.36983490373621e-10	22	0.70538583429121	0.266981265800406	0.333333333333333	19.849231371339
12	gmtcustom271	MIR1323	http://www.gsea-msigdb.org/gsea/msigdb/human/geneset/MIR1323	247/321	1.32173502917917e-08	2.58924751790299e-07	65	863.25	595.5	3.67148621575402e-10	32	0.694760744054817	0.255096402910572	0.333333333333333	15.4847312474796
13	gmtcustom288	MIR4446_5P	http://www.gsea-msigdb.org/gsea/msigdb/human/geneset/MIR4446_5P	227/304	1.3450581722887e-08	2.58924751790299e-07	760	1058.66666666667	867.5	3.73627272523147e-10	42	0.755964996266725	0.220435652132287	0.333333333333333	15.8966946925234
14	gmtcustom294	MIR4503	http://www.gsea-msigdb.org/gsea/msigdb/human/geneset/MIR4503	200/281	1.14586130189699e-08	2.58924751790299e-07	175	697.555555555556	340.5	3.18294807855449e-10	90	0.798057125738091	0.307108849806716	0.333333333333333	22.4581874508455
15	gmtcustom310	MIR515_5P	http://www.gsea-msigdb.org/gsea/msigdb/human/geneset/MIR515_5P	228/304	1.76068373063358e-08	2.58924751790299e-07	945	1013.11111111111	893	4.89078818250848e-10	43	0.785245290953169	0.296457213130641	0.333333333333333	18.6621551597
16	gmtcustom326	MIR8067	http://www.gsea-msigdb.org/gsea/msigdb/human/geneset/MIR8067	212/287	1.20298360948903e-08	2.58924751790299e-07	300	1140.33333333333	1000.5	3.34162115701078e-10	52	0.63919200861991	0.247396925559623	0.333333333333333	14.1597368250751
17	gmtcustom336	MIR548O_3P	http://www.gsea-msigdb.org/gsea/msigdb/human/geneset/MIR548O_3P	222/281	1.22489509847687e-08	2.58924751790299e-07	35	903.694444444444	722.5	3.40248640491756e-10	25	0.684609407465747	0.269549402654829	0.333333333333333	15.5378851366853
18	gmtcustom364	MIR3617_5P	http://www.gsea-msigdb.org/gsea/msigdb/human/geneset/MIR3617_5P	200/260	1.28593443797306e-08	2.58924751790299e-07	115	549.527777777778	483	3.57204012780978e-10	28	0.829773044737553	0.401922189589522	0.333333333333333	23.0215530694547
19	gmtcustom367	MIR641	http://www.gsea-msigdb.org/gsea/msigdb/human/geneset/MIR641	200/259	7.80246811288524e-09	2.58924751790299e-07	140	544.222222222222	483	2.16735226179971e-10	19	0.829773044737553	0.401922189589522	0.333333333333333	23.2866479264411
20	gmtcustom370	LET_7A_2_3P	http://www.gsea-msigdb.org/gsea/msigdb/human/geneset/LET_7A_2_3P	217/287	1.95874119891967e-08	2.58924751790299e-07	510	912.472222222222	819.5	5.44094782658370e-10	189	0.646874013249961	0.260796905836475	0.333333333333333	15.4263436734908
21	gmtcustom380	LET_7G_3P	http://www.gsea-msigdb.org/gsea/msigdb/human/geneset/LET_7G_3P	217/287	1.95874119891967e-08	2.58924751790299e-07	435	914.25	820.5	5.44094782658370e-10	190	0.646874013249961	0.260796905836475	0.333333333333333	15.4263436734908
22	gmtcustom385	MIR507	http://www.gsea-msigdb.org/gsea/msigdb/human/geneset/MIR507	198/264	1.37427630288715e-08	2.58924751790299e-07	1280	1474.25	1593	3.81743420018892e-10	123	0.728383671806928	0.264349763740467	0.333333333333333	16.6344352983004
23	gmtcustom388	MIR4496	http://www.gsea-msigdb.org/gsea/msigdb/human/geneset/MIR4496	219/289	1.9526692189521e-08	2.58924751790299e-07	780	1331.13888888889	1242	5.42408121524197e-10	185	0.598226955727684	0.231741164763032	0.333333333333333	15.4213363394366
24	gmtcustom420	MIR5093	http://www.gsea-msigdb.org/gsea/msigdb/human/geneset/MIR5093	192/244	4.82635240268246e-09	2.58924751790299e-07	215	861.416666666667	675.5	1.34065344833493e-10	28	0.679434667121906	0.231065435303126	0.333333333333333	19.1687062033483
25	gmtcustom427	MIR5683	http://www.gsea-msigdb.org/gsea/msigdb/human/geneset/MIR5683	169/241	1.64583711059308e-08	2.58924751790299e-07	360	1182.63888888889	1091	4.5717697882243e-10	133	0.603745253166684	0.223892066739935	0.333333333333333	16.3788133927966
26	gmtcustom439	MIR3140_3P	http://www.gsea-msigdb.org/gsea/msigdb/human/geneset/MIR3140_3P	174/236	4.35247414533172e-09	2.58924751790299e-07	145	604.611111111111	251	1.2090205984835e-10	24	0.709670665776609	0.351179044378344	0.333333333333333	19.4906028437851
27	gmtcustom459	MIR766_5P	http://www.gsea-msigdb.org/gsea/msigdb/human/geneset/MIR766_5P	158/226	6.04612209323962e-09	2.58924751790299e-07	1860	1393.66666666667	1617	1.67947836416935e-10	36	0.658821021882189	0.299843904796274	0.333333333333333	14.4705150140546
28	gmtcustom469	MIR761	http://www.gsea-msigdb.org/gsea/msigdb/human/geneset/MIR761	187/225	3.4405995361621e-09	2.58924751790299e-07	380	1002.77777777778	803.5	9.55722094976819e-11	13	0.629004912676121	0.272730054440671	0.333333333333333	16.25730469744
29	gmtcustom473	MIR557	http://www.gsea-msigdb.org/gsea/msigdb/human/geneset/MIR557	167/225	1.09045475225886e-08	2.58924751790299e-07	1330	1398.86111111111	1511.5	3.02904099455323e-10	90	0.749845754717398	0.292439772490005	0.333333333333333	19.6138220967248
30	gmtcustom483	MIR4743_3P	http://www.gsea-msigdb.org/gsea/msigdb/human/geneset/MIR4743_3P	156/209	7.01333261475795e-09	2.58924751790299e-07	1385	1134	1158.5	1.94814795518561e-10	48	0.725912060581171	0.345307395347185	0.333333333333333	17.1639627868906
31	gmtcustom488	MIR452_5P	http://www.gsea-msigdb.org/gsea/msigdb/human/geneset/MIR452_5P	170/219	1.40562055033529e-08	2.58924751790299e-07	795	1046.5	1019.5	3.90450155538811e-10	126	0.877451233009788	0.115502827906143	0.333333333333333	19.8499595394236
32	gmtcustom494	MIR3185	http://www.gsea-msigdb.org/gsea/msigdb/human/geneset/MIR3185	137/211	2.00868669212273e-08	2.58924751790299e-07	1265	1084.94444444444	942.5	5.579685310379e-10	26	0.73991159106575	0.37413844330762	0.333333333333333	14.115115987025
33	gmtcustom495	MIR4731_3P	http://www.gsea-msigdb.org/gsea/msigdb/human/geneset/MIR4731_3P	163/228	1.15197719215416e-08	2.58924751790299e-07	165	313.222222222222	223.5	3.19993666279196e-10	17	0.819933928078207	0.442360154187881	0.333333333333333	21.3851816443037
34	gmtcustom513	MIR892C_3P	http://www.gsea-msigdb.org/gsea/msigdb/human/geneset/MIR892C_3P	164/211	1.39893850144893e-08	2.58924751790299e-07	855	1055.75	1072.5	3.88594030822851e-10	125	0.880152228545962	0.11844205926163	0.333333333333333	19.6152893752206
35	gmtcustom522	MIR4676_3P	http://www.gsea-msigdb.org/gsea/msigdb/human/geneset/MIR4676_3P	164/211	1.11309450595169e-08	2.58924751790299e-07	755	1012.27777777778	1007	3.09192919992918e-10	92	0.876069205071386	0.113391434506054	0.333333333333333	20.1065536095995
