Rank	ID	GeneSet	Description	NumGenes	p.value	p.adj	vote.rank	avg.rank	med.rank	min.pvalue	min.rank	avg.logfc	avg.logfc.dir	direction	significance	camera	roast	safe	gage	padog	plage	zscore	gsva	ssgsea	globaltest	ora	fry
1	gmtcustom955	ZNF211_TARGET_GENES	http://www.gsea-msigdb.org/gsea/msigdb/human/geneset/ZNF211_TARGET_GENES	2/7	1.10116215073343e-05	0.012255934737663	55	253.272727272727	83	1.10116760728285e-06	1	0.369173436453837	0.369173436453837	1	32.5452984931331	52	159	179	1059	NA	1	46	31	23	83	1004	149
2	gmtcustom637	CREBL2_TARGET_GENES	http://www.gsea-msigdb.org/gsea/msigdb/human/geneset/CREBL2_TARGET_GENES	6/11	6.24074737495259e-05	0.0164021293039297	5	254.916666666667	209.5	5.67356764861227e-06	1	0.508328879377941	-0.508328879377941	-1	41.8461882688439	305	264	41	919	1	3	203	1	216	2	774	330
3	gmtcustom784	NKX6_1_TARGET_GENES	http://www.gsea-msigdb.org/gsea/msigdb/human/geneset/NKX6_1_TARGET_GENES	17/33	8.52202435298772e-05	0.0164021293039297	475	522	532	7.10196436269401e-06	4	0.22388276460685	-0.195883055646671	-1	18.4302731463014	474	545	949	64	603	4	466	207	519	1010	877	546
4	gmtcustom832	RBM17_TARGET_GENES	http://www.gsea-msigdb.org/gsea/msigdb/human/geneset/RBM17_TARGET_GENES	6/7	4.50689102009976e-05	0.0164021293039297	40	252.666666666667	83	4.09725759120326e-06	2	0.187425045980997	-0.187425045980997	-1	15.4290338936874	34	73	311	1003	350	2	93	37	37	123	915	54
5	gmtcustom1016	ZNF528_TARGET_GENES	http://www.gsea-msigdb.org/gsea/msigdb/human/geneset/ZNF528_TARGET_GENES	600/806	4.38478335682678e-05	0.0164021293039297	665	717	800.5	3.98624613786558e-06	1	0.55041952538118	-0.576371407417451	-1	45.3111362610426	662	8	875	1085	1029	845	651	957	690	756	1045	1
6	gmtcustom1022	ZNF548_TARGET_GENES	http://www.gsea-msigdb.org/gsea/msigdb/human/geneset/ZNF548_TARGET_GENES	52/63	8.84211822314268e-05	0.0164021293039297	30	530.666666666667	506	7.368730485323e-06	5	0.269315226300285	-0.26726549909687	-1	22.1703230593676	820	1055	26	192	64	5	1067	839	141	28	1050	1081
7	gmtcustom1059	ZNF746_TARGET_GENES	http://www.gsea-msigdb.org/gsea/msigdb/human/geneset/ZNF746_TARGET_GENES	61/79	0.000117578260372946	0.0186949433992984	25	233.666666666667	83.5	9.79871642880426e-06	4	0.638677349743742	-0.598157420684866	-1	50.9029794709307	4	195	21	444	8	6	21	52	650	115	1071	217
8	gmtcustom809	PGBD5_TARGET_GENES	http://www.gsea-msigdb.org/gsea/msigdb/human/geneset/PGBD5_TARGET_GENES	16/22	0.000280458051901592	0.039018726470809	15	562.416666666667	807	2.33745091132282e-05	7	0.99691160674324	-0.99691160674324	-1	64.7637657211269	964	1098	37	13	13	7	787	827	972	55	897	1079
9	gmtcustom7	AACTTT_UNKNOWN	http://www.gsea-msigdb.org/gsea/msigdb/human/geneset/AACTTT_UNKNOWN	1316/1928	0.00577426225782821	0.0785716989094883	130	316.083333333333	301.5	0.000526315789473684	42	0.674537201453873	-0.660555439369904	-1	34.3646714213526	128	309	42	862	54	443	126	281	501	444	309	294
10	gmtcustom13	HOX13_01	http://www.gsea-msigdb.org/gsea/msigdb/human/geneset/HOX13_01	31/46	0.00629753896190303	0.0785716989094883	735	451	471.5	0.000526315789473684	31	0.548546070530362	0.548546070530362	1	27.9459833111275	731	782	574	81	31	622	701	201	244	212	369	864
11	gmtcustom32	HEN1_02	http://www.gsea-msigdb.org/gsea/msigdb/human/geneset/HEN1_02	145/200	0.00629753896190303	0.0785716989094883	1095	587.5	571.5	0.000526315789473684	50	0.540668600425059	-0.540668600425059	-1	27.5446612233509	1093	933	139	441	50	402	764	1099	121	702	381	925
12	gmtcustom36	TAL1BETAE47_01	http://www.gsea-msigdb.org/gsea/msigdb/human/geneset/TAL1BETAE47_01	154/255	0.00629753896190303	0.0785716989094883	905	626.333333333333	846	0.000526315789473684	26	0.550108489459318	-0.609022617600985	-1	28.0255816108568	1017	905	133	122	26	928	958	846	846	447	384	904
13	gmtcustom46	GATA3_01	http://www.gsea-msigdb.org/gsea/msigdb/human/geneset/GATA3_01	157/245	0.00444645132485157	0.0785716989094883	25	628.75	693.5	0.000371294902239702	21	0.866005764518526	-0.891496818972595	-1	44.1191436625063	973	857	660	455	383	21	1073	902	711	676	24	810
14	gmtcustom50	EVI1_03	http://www.gsea-msigdb.org/gsea/msigdb/human/geneset/EVI1_03	31/58	0.00629753896190303	0.0785716989094883	705	399.416666666667	387	0.000526315789473684	11	0.899879842949924	-1.12222025649419	-1	45.8448773937516	704	678	171	299	45	35	910	664	475	11	52	749
15	gmtcustom54	MZF1_02	http://www.gsea-msigdb.org/gsea/msigdb/human/geneset/MZF1_02	198/236	0.00629753896190303	0.0785716989094883	130	243.916666666667	254.5	0.000526315789473684	53	0.784155455877631	-0.965804030046027	-1	39.9492342487198	302	127	78	377	53	306	313	84	596	358	207	126
16	gmtcustom58	IK3_01	http://www.gsea-msigdb.org/gsea/msigdb/human/geneset/IK3_01	163/229	0.00629753896190303	0.0785716989094883	1110	519.25	610.5	0.000526315789473684	10	0.949568983195774	0.741089431417821	1	48.3763182290352	1108	894	130	82	10	488	968	733	883	46	27	862
17	gmtcustom70	ACCTGTTG_UNKNOWN	http://www.gsea-msigdb.org/gsea/msigdb/human/geneset/ACCTGTTG_UNKNOWN	116/160	0.00629753896190303	0.0785716989094883	375	245	225.5	0.000526315789473684	23	0.508623365148509	-0.520974285168	-1	25.9120989219312	375	230	148	518	23	440	221	77	26	286	409	187
18	gmtcustom73	CEBPA_01	http://www.gsea-msigdb.org/gsea/msigdb/human/geneset/CEBPA_01	176/256	0.00462394603216536	0.0785716989094883	105	376.916666666667	419	0.000386147887373039	23	0.657046126456615	0.579904532029476	1	33.4735788952595	237	426	102	461	101	23	492	899	594	309	412	467
19	gmtcustom75	MYCMAX_01	http://www.gsea-msigdb.org/gsea/msigdb/human/geneset/MYCMAX_01	210/257	0.00629753896190303	0.0785716989094883	800	600.75	692.5	0.000526315789473684	29	0.645294465686138	-0.689025077558778	-1	32.8748840132471	798	837	64	662	29	910	1088	723	539	350	413	796
20	gmtcustom92	OCT1_01	http://www.gsea-msigdb.org/gsea/msigdb/human/geneset/OCT1_01	169/271	0.00262548340188871	0.0785716989094883	765	477.666666666667	389.5	0.000219054006497454	1	0.867139746103742	0.752218789437652	1	44.1769149839072	765	1076	396	52	273	238	383	479	763	229	1	1077
21	gmtcustom95	OCT1_04	http://www.gsea-msigdb.org/gsea/msigdb/human/geneset/OCT1_04	141/244	0.00629753896190303	0.0785716989094883	725	522.583333333333	415	0.000526315789473684	48	0.674680065371515	0.712131906612885	1	34.3719497029493	725	1008	268	393	48	240	879	905	437	314	118	936
22	gmtcustom96	AHR_01	http://www.gsea-msigdb.org/gsea/msigdb/human/geneset/AHR_01	53/65	0.00629753896190303	0.0785716989094883	340	236.583333333333	180.5	0.000526315789473684	10	0.627658086169025	-0.696735812483588	-1	31.9763888677227	337	185	25	164	12	507	176	74	656	10	423	270
23	gmtcustom98	PAX5_01	http://www.gsea-msigdb.org/gsea/msigdb/human/geneset/PAX5_01	127/156	0.00629753896190303	0.0785716989094883	505	501.75	559	0.000526315789473684	3	0.627165202613644	0.656878416995586	1	31.9512786413642	503	616	3	630	51	534	584	667	929	474	424	606
24	gmtcustom140	CEBP_C	http://www.gsea-msigdb.org/gsea/msigdb/human/geneset/CEBP_C	136/207	0.00454712073841106	0.0785716989094883	215	291.083333333333	215.5	0.000379718750113877	22	0.649110771621315	-0.662349693008135	-1	33.0693078377778	217	214	141	301	89	22	648	695	212	576	112	266
25	gmtcustom162	AHRARNT_01	http://www.gsea-msigdb.org/gsea/msigdb/human/geneset/AHRARNT_01	106/142	0.00629753896190303	0.0785716989094883	145	239	148	0.000526315789473684	9	1.15049614350387	-1.23908555812587	-1	58.6126639577978	145	389	9	143	16	299	327	151	926	25	13	425
26	gmtcustom178	NRSF_01	http://www.gsea-msigdb.org/gsea/msigdb/human/geneset/NRSF_01	31/97	0.00106822074315524	0.0785716989094883	150	133.333333333333	96.5	8.90620085415769e-05	12	1.96287979329701	1.96287979329701	1	100	146	105	168	26	62	12	401	353	81	95	53	98
27	gmtcustom184	AML1_01	http://www.gsea-msigdb.org/gsea/msigdb/human/geneset/AML1_01	197/271	0.00629753896190303	0.0785716989094883	865	372.416666666667	200.5	0.000526315789473684	27	0.71431826731751	0.790023823651252	1	36.3913399066606	862	212	76	178	27	189	831	511	791	156	483	153
28	gmtcustom215	PAX4_01	http://www.gsea-msigdb.org/gsea/msigdb/human/geneset/PAX4_01	217/268	0.00629753896190303	0.0785716989094883	910	602.25	677.5	0.000526315789473684	56	0.620550550884811	-0.617973950717599	-1	31.614291536844	1076	907	355	720	56	765	450	686	669	133	504	906
29	gmtcustom216	PAX4_02	http://www.gsea-msigdb.org/gsea/msigdb/human/geneset/PAX4_02	143/241	0.00629753896190303	0.0785716989094883	120	357.166666666667	277.5	0.000526315789473684	19	0.707973982163712	0.75568774952919	1	36.0681267774025	159	346	138	352	19	118	209	367	1086	994	119	379
30	gmtcustom229	AREB6_01	http://www.gsea-msigdb.org/gsea/msigdb/human/geneset/AREB6_01	187/274	0.00629753896190303	0.0785716989094883	45	241.666666666667	231	0.000526315789473684	42	0.772228903815286	-0.772228903815286	-1	39.3416294327504	227	183	235	350	42	360	414	412	251	177	42	207
31	gmtcustom231	AREB6_03	http://www.gsea-msigdb.org/gsea/msigdb/human/geneset/AREB6_03	187/264	0.00629753896190303	0.0785716989094883	555	572.416666666667	585.5	0.000526315789473684	46	0.708107837154341	-0.708107837154341	-1	36.0749460942112	551	677	245	620	46	736	520	541	720	1027	515	671
32	gmtcustom255	FAC1_01	http://www.gsea-msigdb.org/gsea/msigdb/human/geneset/FAC1_01	155/224	0.00629753896190303	0.0785716989094883	965	617.75	602.5	0.000526315789473684	47	0.546224362807826	-0.60925480515741	-1	27.827702622282	1068	962	137	437	47	105	676	1048	962	483	529	959
33	gmtcustom257	STAT5B_01	http://www.gsea-msigdb.org/gsea/msigdb/human/geneset/STAT5B_01	169/255	0.00629753896190303	0.0785716989094883	570	459.25	388.5	0.000526315789473684	34	0.725838670544998	-0.749988291114669	-1	36.9782532447604	566	918	128	206	34	1063	228	490	287	151	531	909
34	gmtcustom285	MAZR_01	http://www.gsea-msigdb.org/gsea/msigdb/human/geneset/MAZR_01	182/224	0.00629753896190303	0.0785716989094883	380	484.75	454.5	0.000526315789473684	40	0.818118699084014	-0.866981384902235	-1	41.6795105289275	256	528	379	414	49	1112	554	696	915	379	40	495
35	gmtcustom295	STAT6_02	http://www.gsea-msigdb.org/gsea/msigdb/human/geneset/STAT6_02	185/260	0.00629753896190303	0.0785716989094883	580	467.333333333333	504	0.000526315789473684	15	0.727125108451961	-0.708666889326817	-1	37.0437915381104	580	659	90	157	15	211	1076	992	450	137	558	683
