"UI92"	"UI93"	"UI96"	"N92"	"N93"	"WT96"	"WT91"	"WT94"	"N95"
"hsa-let-7a-5p_hsa-let-7a-1"	95404	89235	76614	76780	50059	22249	22230	24211	29717
"hsa-let-7a-3p_hsa-let-7a-1"	163	95	167	168	67	41	43	44	37
"hsa-let-7a-5p_hsa-let-7a-2"	95781	89644	77018	77241	50287	22337	22337	24313	29887
"hsa-let-7a-5p_hsa-let-7a-3"	95410	89242	76612	76781	50083	22249	22232	24216	29711
"hsa-let-7a-3p_hsa-let-7a-3"	163	95	167	168	67	41	43	44	37
"hsa-let-7b-5p_hsa-let-7b"	870	769	600	992	395	137	227	211	193
"hsa-let-7c-5p_hsa-let-7c"	117	108	106	100	63	34	38	30	52
"hsa-let-7d-5p_hsa-let-7d"	854	789	675	898	416	180	201	200	242
"hsa-let-7d-3p_hsa-let-7d"	112	70	108	106	49	56	37	21	37
"hsa-let-7e-5p_hsa-let-7e"	11801	11318	10457	10248	6137	2521	2836	2888	3755
"hsa-let-7e-3p_hsa-let-7e"	46	39	72	64	12	14	23	9	31
"hsa-let-7f-5p_hsa-let-7f-1"	66673	78334	69522	78264	43426	19983	25808	22403	31471
"hsa-let-7f-5p_hsa-let-7f-2"	66814	78490	69661	78438	43486	20021	25879	22461	31557
"hsa-let-7f-2-3p_hsa-let-7f-2"	117	119	126	133	60	43	36	24	35
"hsa-let-7g-5p_hsa-let-7g"	14829	15382	14272	13286	8186	3066	4072	3819	5215
"hsa-let-7i-5p_hsa-let-7i"	2427	2202	2281	3814	1491	626	1055	863	1185
"hsa-miR-100-5p_hsa-mir-100"	822	482	591	413	380	322	177	184	323
"hsa-miR-101-5p_hsa-mir-101-1"	4	7	10	8	0	4	1	4	8
"hsa-miR-101-3p_hsa-mir-101-1"	8910	8588	9074	5327	4944	2303	2553	2484	3676
"hsa-miR-101-3p_hsa-mir-101-2"	9431	9124	9597	5593	5287	2431	2725	2665	3883
"hsa-miR-10395-3p_hsa-mir-10395"	30	46	43	82	20	3	6	9	10
"hsa-miR-10396b-3p_hsa-mir-10396b"	11	4	11	16	0	1	5	3	1
"hsa-miR-103a-3p_hsa-mir-103a-1"	70167	65031	63695	56232	35647	15424	21625	18754	26285
"hsa-miR-103a-3p_hsa-mir-103a-2"	71305	65919	64634	56923	36318	15799	21974	19028	26724
"hsa-miR-106a-5p_hsa-mir-106a"	43	15	25	21	14	12	7	9	21
"hsa-miR-106b-5p_hsa-mir-106b"	1871	1465	1590	1717	843	491	501	458	676
"hsa-miR-106b-3p_hsa-mir-106b"	1541	1391	1289	2033	800	378	520	448	617
"hsa-miR-107_hsa-mir-107"	13157	11398	11783	12151	6429	2901	4095	3654	4910
"hsa-miR-10a-5p_hsa-mir-10a"	817726	563625	502063	417962	359666	260525	209586	198155	247229
"hsa-miR-10a-3p_hsa-mir-10a"	403	296	333	300	149	84	115	96	123
"hsa-miR-10b-5p_hsa-mir-10b"	3317467	2940458	2780625	1698067	1889360	1167482	898575	1029188	1342655
"hsa-miR-10b-3p_hsa-mir-10b"	389	367	442	271	179	122	135	125	165
"hsa-miR-1180-3p_hsa-mir-1180"	500	384	404	663	170	53	139	107	155
"hsa-miR-12135_hsa-mir-12135"	741	357	620	45	15	9	7	9	20
"hsa-miR-12136_hsa-mir-12136"	54	33	43	207	104	128	207	169	40
"hsa-miR-122-5p_hsa-mir-122"	195	194	189	185	88	36	35	47	48
"hsa-miR-1226-3p_hsa-mir-1226"	25	22	19	14	9	10	3	8	14
"hsa-miR-1228-3p_hsa-mir-1228"	9	11	10	15	7	3	7	1	6
"hsa-miR-1229-3p_hsa-mir-1229"	17	21	15	13	4	3	4	1	8
"hsa-miR-1246_hsa-mir-1246"	113	97	36	97	24	15	29	34	27
"hsa-miR-1248_hsa-mir-1248"	20	27	13	18	7	26	14	17	6
"hsa-miR-1249-3p_hsa-mir-1249"	32	24	46	18	10	11	7	9	12
"hsa-miR-1255a_hsa-mir-1255a"	9	3	12	26	3	2	10	1	14
"hsa-miR-125a-5p_hsa-mir-125a"	41985	38931	40282	28048	23242	19663	11543	12505	16784
"hsa-miR-125a-3p_hsa-mir-125a"	101	58	80	88	49	13	33	16	21
"hsa-miR-125b-5p_hsa-mir-125b-1"	196	181	136	131	85	76	59	54	74
"hsa-miR-125b-5p_hsa-mir-125b-2"	196	183	137	131	85	76	59	54	76
"hsa-miR-125b-2-3p_hsa-mir-125b-2"	23	46	18	24	26	7	9	7	13
"hsa-miR-126-5p_hsa-mir-126"	6883	7391	7694	4996	4655	2256	2264	2385	3092
"hsa-miR-126-3p_hsa-mir-126"	1241	1510	1547	754	808	469	316	397	536
"hsa-miR-1260a_hsa-mir-1260a"	1275	1042	1468	1261	798	952	680	547	823
"hsa-miR-1260b_hsa-mir-1260b"	1204	954	1310	1198	737	907	645	512	758
"hsa-miR-1262_hsa-mir-1262"	10	7	8	7	3	3	3	3	2
"hsa-miR-1266-5p_hsa-mir-1266"	26	34	22	35	7	1	12	9	7
"hsa-miR-1268a_hsa-mir-1268a"	6	10	14	8	4	0	1	2	5
"hsa-miR-1268b_hsa-mir-1268b"	6	12	15	8	3	0	1	2	6
"hsa-miR-1269a_hsa-mir-1269a"	2373	2823	3747	2953	1506	685	775	775	1345
"hsa-miR-1275_hsa-mir-1275"	40	44	30	25	6	3	13	6	8
"hsa-miR-1276_hsa-mir-1276"	59	26	48	42	19	21	5	5	25
"hsa-miR-1277-5p_hsa-mir-1277"	132	121	140	126	73	52	43	29	33
"hsa-miR-128-1-5p_hsa-mir-128-1"	83	58	64	83	40	17	16	15	17
"hsa-miR-128-3p_hsa-mir-128-1"	6189	5908	7105	4245	2770	2081	2224	1228	2613
"hsa-miR-128-3p_hsa-mir-128-2"	5864	5533	6670	4016	2610	1945	2089	1171	2449
"hsa-miR-1285-3p_hsa-mir-1285-1"	46	28	57	143	24	11	13	13	17
"hsa-miR-1285-3p_hsa-mir-1285-2"	43	28	55	124	23	11	14	12	16
"hsa-miR-1286_hsa-mir-1286"	11	8	15	3	1	1	4	3	3
"hsa-miR-1287-5p_hsa-mir-1287"	38	35	37	52	31	5	14	10	12
"hsa-miR-1291_hsa-mir-1291"	20	17	20	18	5	11	5	5	6
"hsa-miR-1296-5p_hsa-mir-1296"	213	179	199	300	93	60	78	48	94
"hsa-miR-1301-3p_hsa-mir-1301"	149	93	115	91	74	33	43	36	33
"hsa-miR-1303_hsa-mir-1303"	108	110	122	85	49	27	31	23	36
"hsa-miR-1304-3p_hsa-mir-1304"	422	377	334	440	183	144	167	110	154
"hsa-miR-1305_hsa-mir-1305"	47	49	61	49	36	8	12	14	20
"hsa-miR-1306-5p_hsa-mir-1306"	38	28	42	60	20	13	17	8	15
"hsa-miR-1306-3p_hsa-mir-1306"	6	5	14	18	8	2	10	5	3
"hsa-miR-1307-5p_hsa-mir-1307"	4712	4515	4497	7416	1638	867	1171	1002	1935
"hsa-miR-1307-3p_hsa-mir-1307"	1370	1094	1326	1305	605	157	356	282	469
"hsa-miR-130a-3p_hsa-mir-130a"	10	7	4	16	3	1	5	5	5
"hsa-miR-130b-5p_hsa-mir-130b"	1476	1330	1634	1977	662	548	407	338	545
"hsa-miR-130b-3p_hsa-mir-130b"	8169	6949	7631	10126	4790	1979	2893	2570	3291
"hsa-miR-132-5p_hsa-mir-132"	38	15	21	136	34	9	32	24	92
"hsa-miR-132-3p_hsa-mir-132"	196	162	202	1698	264	98	311	146	832
"hsa-miR-133a-5p_hsa-mir-133a-1"	6	7	7	5	6	6	4	3	2
"hsa-miR-133a-3p_hsa-mir-133a-1"	966	854	684	1060	479	266	291	247	233
"hsa-miR-133a-5p_hsa-mir-133a-2"	6	7	7	5	6	6	4	3	2
"hsa-miR-133a-3p_hsa-mir-133a-2"	966	854	684	1060	479	266	291	247	233
"hsa-miR-133b_hsa-mir-133b"	91	66	43	56	43	32	20	35	23
"hsa-miR-1343-3p_hsa-mir-1343"	9	7	13	13	6	6	6	3	14
"hsa-miR-135b-5p_hsa-mir-135b"	717	759	899	584	495	220	204	267	314
"hsa-miR-135b-3p_hsa-mir-135b"	47	23	32	26	16	5	18	8	16
"hsa-miR-138-5p_hsa-mir-138-1"	85	87	95	184	52	20	43	33	55
"hsa-miR-138-5p_hsa-mir-138-2"	83	81	88	182	50	20	44	34	50
"hsa-miR-139-5p_hsa-mir-139"	69	63	56	43	41	19	15	5	27
"hsa-miR-140-5p_hsa-mir-140"	338	399	411	224	189	78	92	98	134
"hsa-miR-140-3p_hsa-mir-140"	3856	3916	4133	2878	2123	900	1134	1200	1623
"hsa-miR-141-5p_hsa-mir-141"	1550	1228	1440	2032	602	269	434	377	558
"hsa-miR-141-3p_hsa-mir-141"	147446	146638	159254	93270	91323	49270	39804	49177	68737
"hsa-miR-142-5p_hsa-mir-142"	737	643	566	505	472	284	302	249	363
"hsa-miR-142-3p_hsa-mir-142"	73	85	59	42	62	24	25	33	37
"hsa-miR-143-3p_hsa-mir-143"	1008	997	672	570	522	239	329	322	249
"hsa-miR-144-5p_hsa-mir-144"	83	101	87	66	40	17	24	38	40
"hsa-miR-144-3p_hsa-mir-144"	25	16	15	12	8	6	0	5	9
"hsa-miR-1468-5p_hsa-mir-1468"	171	159	177	217	87	37	55	59	75
"hsa-miR-146a-5p_hsa-mir-146a"	2245	2331	2226	1108	1240	573	769	747	884
"hsa-miR-146b-5p_hsa-mir-146b"	280464	249637	209505	101901	127707	58605	89175	83206	89755
"hsa-miR-146b-3p_hsa-mir-146b"	1990	1666	1863	1818	890	282	541	453	657
"hsa-miR-147b-3p_hsa-mir-147b"	76	74	68	70	32	29	18	10	25
"hsa-miR-148a-5p_hsa-mir-148a"	73	100	63	74	57	24	28	34	39
"hsa-miR-148a-3p_hsa-mir-148a"	28533	24814	24606	12281	15549	9735	8496	8223	10496
"hsa-miR-148b-5p_hsa-mir-148b"	677	554	616	952	342	93	158	168	240
"hsa-miR-148b-3p_hsa-mir-148b"	18082	15724	19460	9667	10216	5829	5930	5695	7798
"hsa-miR-149-5p_hsa-mir-149"	111	68	94	248	50	28	43	38	48
"hsa-miR-150-5p_hsa-mir-150"	48	68	34	45	37	26	21	36	30
"hsa-miR-151a-5p_hsa-mir-151a"	31945	29255	31982	28286	18791	9575	8813	9126	13944
"hsa-miR-151a-3p_hsa-mir-151a"	53376	55356	54694	41202	30668	15581	17554	17225	23810
"hsa-miR-151b_hsa-mir-151b"	22750	20864	21982	16767	13452	7373	6112	6721	9837
"hsa-miR-152-5p_hsa-mir-152"	11	10	35	8	2	2	5	4	8
"hsa-miR-152-3p_hsa-mir-152"	938	836	1069	912	474	212	325	335	424
"hsa-miR-153-3p_hsa-mir-153-1"	18	21	24	9	8	8	8	2	5
"hsa-miR-153-3p_hsa-mir-153-2"	18	21	24	9	8	8	8	2	5
"hsa-miR-155-5p_hsa-mir-155"	2013	1772	1850	2148	1119	682	775	712	994
"hsa-miR-15a-5p_hsa-mir-15a"	3375	2997	3880	4083	1855	867	1076	927	1581
"hsa-miR-15b-5p_hsa-mir-15b"	2701	1955	2215	2934	1268	898	1200	921	1302
"hsa-miR-15b-3p_hsa-mir-15b"	270	268	283	325	218	94	102	75	189
"hsa-miR-16-5p_hsa-mir-16-1"	87475	69671	91373	98581	44842	19615	28775	26057	36766
"hsa-miR-16-5p_hsa-mir-16-2"	87628	69776	91542	98752	44926	19641	28832	26111	36835
"hsa-miR-16-2-3p_hsa-mir-16-2"	556	582	718	711	332	211	146	164	245
"hsa-miR-17-5p_hsa-mir-17"	5433	3645	4114	3452	2021	1040	1317	1040	1687
"hsa-miR-17-3p_hsa-mir-17"	995	649	737	549	419	291	213	232	277
"hsa-miR-181a-5p_hsa-mir-181a-1"	152505	165999	174800	196002	90715	28824	54260	59191	75445
"hsa-miR-181a-3p_hsa-mir-181a-1"	973	917	859	770	423	210	217	194	341
"hsa-miR-181a-5p_hsa-mir-181a-2"	152496	165998	174795	195998	90712	28824	54261	59190	75444
"hsa-miR-181a-2-3p_hsa-mir-181a-2"	267	233	238	366	101	61	89	64	102
"hsa-miR-181b-5p_hsa-mir-181b-1"	7586	7016	8119	11344	4009	1433	2932	2502	3553
"hsa-miR-181b-3p_hsa-mir-181b-1"	19	17	13	4	2	1	3	4	5
"hsa-miR-181b-5p_hsa-mir-181b-2"	7624	7053	8167	11347	4036	1437	2940	2504	3572
"hsa-miR-181c-5p_hsa-mir-181c"	1994	2993	2619	2364	1781	404	678	956	1114
"hsa-miR-181c-3p_hsa-mir-181c"	166	217	210	181	118	31	60	50	96
"hsa-miR-181d-5p_hsa-mir-181d"	302	385	458	277	207	59	91	139	185
"hsa-miR-182-5p_hsa-mir-182"	303642	320333	310049	261415	184259	78099	94738	98388	134349
"hsa-miR-182-3p_hsa-mir-182"	13	14	12	16	5	8	1	5	2
"hsa-miR-183-5p_hsa-mir-183"	47794	35522	34692	21160	24927	27797	12302	13728	16546
"hsa-miR-183-3p_hsa-mir-183"	192	146	138	238	88	39	62	50	83
"hsa-miR-184_hsa-mir-184"	1349	1507	1304	884	860	274	558	474	555
"hsa-miR-1843_hsa-mir-1843"	92	73	87	98	38	13	22	20	31
"hsa-miR-185-5p_hsa-mir-185"	295	280	251	173	131	56	43	56	85
"hsa-miR-185-3p_hsa-mir-185"	23	17	14	14	8	4	10	5	11
"hsa-miR-186-5p_hsa-mir-186"	70004	72103	77211	69954	42945	21888	22501	22230	32469
"hsa-miR-188-5p_hsa-mir-188"	57	35	58	103	15	17	12	9	12
"hsa-miR-188-3p_hsa-mir-188"	14	3	5	8	11	4	1	1	2
"hsa-miR-18a-5p_hsa-mir-18a"	989	833	816	763	441	258	244	280	321
"hsa-miR-18a-3p_hsa-mir-18a"	261	198	257	355	120	71	87	65	94
"hsa-miR-18b-5p_hsa-mir-18b"	55	37	55	25	23	14	15	10	15
"hsa-miR-1908-5p_hsa-mir-1908"	18	12	19	18	10	4	2	5	5
"hsa-miR-190a-5p_hsa-mir-190a"	4077	3137	3209	2180	1548	629	625	617	856
"hsa-miR-190a-3p_hsa-mir-190a"	31	24	29	21	10	8	4	10	12
"hsa-miR-190b-5p_hsa-mir-190b"	16	15	10	8	9	5	6	4	8
"hsa-miR-191-5p_hsa-mir-191"	226587	163192	162696	126569	110504	81943	62876	61430	79609
"hsa-miR-191-3p_hsa-mir-191"	33	17	22	61	6	12	1	4	12
"hsa-miR-1910-5p_hsa-mir-1910"	57	11	23	40	16	9	15	10	17
"hsa-miR-192-5p_hsa-mir-192"	13119224	13491183	12837050	8080101	7652846	3935141	3752142	4008083	5380628
"hsa-miR-192-3p_hsa-mir-192"	1484	1553	1709	1720	1005	307	596	557	781
"hsa-miR-193a-5p_hsa-mir-193a"	1090	1121	946	446	481	163	132	187	276
"hsa-miR-193a-3p_hsa-mir-193a"	56	76	83	611	41	18	21	32	53
"hsa-miR-193b-5p_hsa-mir-193b"	9	25	21	18	12	12	9	6	15
"hsa-miR-193b-3p_hsa-mir-193b"	704	611	685	690	431	206	240	230	338
"hsa-miR-194-5p_hsa-mir-194-1"	756865	862548	751893	812837	480979	154837	227183	253105	288981
"hsa-miR-194-5p_hsa-mir-194-2"	381904	410654	435314	504620	254559	89440	112658	129024	170929
"hsa-miR-194-3p_hsa-mir-194-2"	2152	2230	2067	1805	1111	419	567	580	709
"hsa-miR-195-5p_hsa-mir-195"	30	22	20	34	16	15	17	4	16
"hsa-miR-196a-5p_hsa-mir-196a-1"	9134	6997	7640	10789	3957	2349	3062	2333	3580
"hsa-miR-196a-1-3p_hsa-mir-196a-1"	19	16	8	14	5	10	2	6	6
"hsa-miR-196a-5p_hsa-mir-196a-2"	14098	10848	11829	17630	6326	3416	4978	3709	5559
"hsa-miR-196a-3p_hsa-mir-196a-2"	222	140	162	223	90	44	60	43	65
"hsa-miR-196b-5p_hsa-mir-196b"	1110	1204	1171	1207	738	308	447	376	524
"hsa-miR-197-3p_hsa-mir-197"	1511	1446	1578	1201	720	661	551	476	719
"hsa-miR-199a-5p_hsa-mir-199a-1"	15	11	13	6	8	5	5	5	1
"hsa-miR-199a-3p_hsa-mir-199a-1"	66	59	68	60	21	17	19	32	25
"hsa-miR-199a-5p_hsa-mir-199a-2"	15	11	13	6	8	5	5	5	1
"hsa-miR-199a-3p_hsa-mir-199a-2"	66	62	68	60	21	17	21	32	25
"hsa-miR-199b-5p_hsa-mir-199b"	14	15	25	16	10	2	6	6	8
"hsa-miR-199b-3p_hsa-mir-199b"	66	59	68	60	21	17	19	32	25
"hsa-miR-19a-5p_hsa-mir-19a"	25	16	24	21	11	6	15	7	14
"hsa-miR-19a-3p_hsa-mir-19a"	5681	5085	4737	2722	2889	1789	1780	1375	2028
"hsa-miR-19b-3p_hsa-mir-19b-1"	16092	15069	15077	10216	9156	4873	5415	4500	6520
"hsa-miR-19b-3p_hsa-mir-19b-2"	16091	15066	15077	10217	9152	4872	5415	4500	6520
"hsa-miR-200a-5p_hsa-mir-200a"	373	403	431	593	259	75	123	122	161
"hsa-miR-200a-3p_hsa-mir-200a"	11105	11313	12540	9757	5938	2870	2989	3168	4277
"hsa-miR-200b-5p_hsa-mir-200b"	202	205	237	215	113	60	49	51	90
"hsa-miR-200b-3p_hsa-mir-200b"	60887	59476	72567	40396	29011	18223	14252	11390	20764
"hsa-miR-200c-5p_hsa-mir-200c"	44	34	34	34	21	12	11	8	12
"hsa-miR-200c-3p_hsa-mir-200c"	31539	28380	35657	18210	15526	5202	6702	7400	10740
"hsa-miR-203a-3p_hsa-mir-203a"	1042	1220	1275	759	736	352	330	385	444
"hsa-miR-204-5p_hsa-mir-204"	43	44	37	36	14	13	8	10	18
"hsa-miR-205-5p_hsa-mir-205"	903	1195	1199	1254	859	280	300	413	447
"hsa-miR-20a-5p_hsa-mir-20a"	9711	7399	7580	3941	3442	1820	2055	1626	2604
"hsa-miR-20a-3p_hsa-mir-20a"	51	52	41	53	26	26	14	12	12
"hsa-miR-21-5p_hsa-mir-21"	258233	269206	231685	214800	165251	67288	76310	78005	100887
"hsa-miR-21-3p_hsa-mir-21"	5071	3948	3139	5294	2414	729	1649	1158	1671
"hsa-miR-210-5p_hsa-mir-210"	1031	882	810	1518	436	254	265	238	323
"hsa-miR-210-3p_hsa-mir-210"	29324	28127	21670	17627	16721	7475	8435	8232	8746
"hsa-miR-2110_hsa-mir-2110"	133	137	152	140	48	19	49	35	44
"hsa-miR-2116-5p_hsa-mir-2116"	14	7	8	24	7	3	2	3	0
"hsa-miR-2116-3p_hsa-mir-2116"	152	162	196	251	79	65	49	39	74
"hsa-miR-212-5p_hsa-mir-212"	22	21	25	51	18	18	16	7	19
"hsa-miR-212-3p_hsa-mir-212"	35	24	20	127	18	9	41	8	50
"hsa-miR-215-5p_hsa-mir-215"	6515310	6873553	6643294	3359796	4427274	2615884	1900927	2068487	2895724
"hsa-miR-215-3p_hsa-mir-215"	9090	10462	9550	11172	5892	2988	3043	2574	3910
"hsa-miR-218-5p_hsa-mir-218-1"	37	42	34	31	13	5	7	9	21
"hsa-miR-218-5p_hsa-mir-218-2"	37	42	34	31	13	5	7	9	21
"hsa-miR-219a-5p_hsa-mir-219a-1"	24	20	21	16	19	6	9	9	5
"hsa-miR-219a-1-3p_hsa-mir-219a-1"	27	30	27	36	7	5	8	9	9
"hsa-miR-22-5p_hsa-mir-22"	200	143	156	187	97	62	75	67	80
"hsa-miR-22-3p_hsa-mir-22"	551470	540250	560311	739736	336564	118144	165203	159404	223662
"hsa-miR-221-5p_hsa-mir-221"	624	319	341	164	170	169	69	110	151
"hsa-miR-221-3p_hsa-mir-221"	7906	7621	7921	5027	3780	1872	2000	1626	2697
"hsa-miR-222-5p_hsa-mir-222"	28	10	15	0	5	3	1	0	0
"hsa-miR-222-3p_hsa-mir-222"	6206	4122	6571	5970	2376	2043	1786	1121	2492
"hsa-miR-223-3p_hsa-mir-223"	39	21	24	21	17	19	9	13	16
"hsa-miR-224-5p_hsa-mir-224"	9306	7870	9786	11424	4561	3239	3318	2283	4223
"hsa-miR-224-3p_hsa-mir-224"	174	158	167	76	112	65	40	52	58
"hsa-miR-2277-5p_hsa-mir-2277"	66	51	73	62	44	25	18	20	30
"hsa-miR-2277-3p_hsa-mir-2277"	3	5	7	19	6	5	8	0	4
"hsa-miR-2355-5p_hsa-mir-2355"	37	18	24	15	13	3	1	4	10
"hsa-miR-23a-5p_hsa-mir-23a"	26	13	12	27	11	4	1	8	20
"hsa-miR-23a-3p_hsa-mir-23a"	1475	1287	1549	1092	888	517	479	517	738
"hsa-miR-23b-3p_hsa-mir-23b"	3681	2971	4162	2913	2074	1261	1368	1251	1891
"hsa-miR-24-1-5p_hsa-mir-24-1"	14	6	9	8	7	1	4	2	4
"hsa-miR-24-3p_hsa-mir-24-1"	3098	3001	3010	1291	1576	931	964	938	1164
"hsa-miR-24-3p_hsa-mir-24-2"	3067	2977	2969	1278	1558	923	948	924	1152
"hsa-miR-24-2-5p_hsa-mir-24-2"	70	55	60	57	35	11	18	16	23
"hsa-miR-2467-5p_hsa-mir-2467"	77	36	39	42	27	18	18	15	23
"hsa-miR-25-5p_hsa-mir-25"	63	52	43	101	26	13	17	13	33
"hsa-miR-25-3p_hsa-mir-25"	28307	24119	26179	23803	13168	6887	9358	7438	10694
"hsa-miR-26a-5p_hsa-mir-26a-1"	459832	450503	518787	420591	260612	133786	140393	144827	204747
"hsa-miR-26a-5p_hsa-mir-26a-2"	459882	450563	518843	420640	260663	133794	140418	144855	204783
"hsa-miR-26a-2-3p_hsa-mir-26a-2"	79	63	84	54	22	12	20	17	24
"hsa-miR-26b-5p_hsa-mir-26b"	311436	349820	346236	207663	161334	71337	78070	78382	107480
"hsa-miR-26b-3p_hsa-mir-26b"	633	535	644	1550	309	175	168	174	239
"hsa-miR-27a-5p_hsa-mir-27a"	56	22	36	86	26	22	14	9	32
"hsa-miR-27a-3p_hsa-mir-27a"	156146	143277	139448	172671	80241	32240	53154	48020	63520
"hsa-miR-27b-5p_hsa-mir-27b"	269	197	231	324	97	61	84	73	91
"hsa-miR-27b-3p_hsa-mir-27b"	217585	193509	203523	230827	113296	46256	73965	66463	92475
"hsa-miR-28-5p_hsa-mir-28"	7834	8256	8980	13020	5044	2054	2587	2681	3579
"hsa-miR-28-3p_hsa-mir-28"	104405	112507	125656	100545	62688	37121	39941	36291	54652
"hsa-miR-29a-5p_hsa-mir-29a"	21	23	14	26	9	12	7	8	12
"hsa-miR-29a-3p_hsa-mir-29a"	7394	8408	9282	4724	5167	2852	1941	2366	3422
"hsa-miR-29b-1-5p_hsa-mir-29b-1"	34	11	11	14	3	0	0	1	3
"hsa-miR-29b-3p_hsa-mir-29b-1"	534	569	557	418	296	127	136	162	250
"hsa-miR-29b-3p_hsa-mir-29b-2"	534	569	557	418	296	127	136	162	250
"hsa-miR-29b-2-5p_hsa-mir-29b-2"	9	7	5	7	4	0	12	1	4
"hsa-miR-29c-5p_hsa-mir-29c"	56	46	78	65	48	25	27	11	26
"hsa-miR-29c-3p_hsa-mir-29c"	4450	4643	5453	2641	2935	1586	1167	1412	1861
"hsa-miR-301a-5p_hsa-mir-301a"	27	34	15	28	14	1	3	11	5
"hsa-miR-301a-3p_hsa-mir-301a"	20604	16220	13673	19270	9661	4166	6935	5442	6000
"hsa-miR-301b-3p_hsa-mir-301b"	8193	6976	6176	9377	4267	1567	3050	2452	2744
"hsa-miR-3065-5p_hsa-mir-3065"	16	6	6	16	8	1	1	4	6
"hsa-miR-3065-3p_hsa-mir-3065"	24	21	25	15	11	7	11	11	15
"hsa-miR-3074-5p_hsa-mir-3074"	31	24	27	45	24	14	5	9	6
"hsa-miR-3074-3p_hsa-mir-3074"	12	10	23	9	11	7	10	1	7
"hsa-miR-30a-5p_hsa-mir-30a"	9783	9058	9815	10002	5393	1795	2998	2602	3701
"hsa-miR-30a-3p_hsa-mir-30a"	751	668	818	783	386	219	258	216	334
"hsa-miR-30b-5p_hsa-mir-30b"	24728	24652	26060	39906	14078	5552	8639	7652	11077
"hsa-miR-30b-3p_hsa-mir-30b"	100	95	76	58	36	15	16	20	22
"hsa-miR-30c-5p_hsa-mir-30c-1"	35563	29001	38370	47748	19539	10725	12400	9657	16475
"hsa-miR-30c-1-3p_hsa-mir-30c-1"	243	204	306	338	136	71	111	89	105
"hsa-miR-30c-5p_hsa-mir-30c-2"	35587	29022	38387	47766	19550	10738	12403	9662	16482
"hsa-miR-30c-2-3p_hsa-mir-30c-2"	20	6	21	13	3	4	5	7	10
"hsa-miR-30d-5p_hsa-mir-30d"	247377	247007	234853	180617	129301	70115	67698	65750	85885
"hsa-miR-30d-3p_hsa-mir-30d"	1010	1042	1019	1098	523	208	319	269	379
"hsa-miR-30e-5p_hsa-mir-30e"	132055	118851	123138	131463	66539	26106	38056	32592	47436
"hsa-miR-30e-3p_hsa-mir-30e"	6905	6596	7529	6519	3851	1879	2132	2157	3098
"hsa-miR-31-5p_hsa-mir-31"	1795	1572	2046	1690	895	604	494	576	879
"hsa-miR-31-3p_hsa-mir-31"	8	5	9	9	2	1	4	3	6
"hsa-miR-3116_hsa-mir-3116-1"	8	12	9	6	5	1	3	2	1
"hsa-miR-3116_hsa-mir-3116-2"	8	12	9	6	5	1	3	2	1
"hsa-miR-3129-3p_hsa-mir-3129"	13	10	17	35	7	6	5	4	12
"hsa-miR-3130-5p_hsa-mir-3130-1"	6	16	6	4	8	3	6	2	6
"hsa-miR-3130-5p_hsa-mir-3130-2"	8	16	6	4	8	3	7	2	6
"hsa-miR-3131_hsa-mir-3131"	70	42	32	32	23	18	13	13	27
"hsa-miR-3139_hsa-mir-3139"	22	8	18	18	6	0	3	1	6
"hsa-miR-3150b-3p_hsa-mir-3150b"	28	34	26	22	13	6	4	5	9
"hsa-miR-3157-3p_hsa-mir-3157"	18	20	17	27	9	3	5	3	2
"hsa-miR-3158-3p_hsa-mir-3158-1"	51	39	39	72	30	6	26	15	20
"hsa-miR-3158-3p_hsa-mir-3158-2"	51	39	39	72	30	6	26	15	20
"hsa-miR-3176_hsa-mir-3176"	191	192	186	249	113	52	55	51	93
"hsa-miR-3177-3p_hsa-mir-3177"	13	11	21	26	15	6	9	10	12
"hsa-miR-3194-5p_hsa-mir-3194"	19	10	10	21	3	7	3	3	6
"hsa-miR-32-5p_hsa-mir-32"	729	782	931	947	517	208	244	261	361
"hsa-miR-32-3p_hsa-mir-32"	159	120	156	95	42	17	39	24	47
"hsa-miR-3200-3p_hsa-mir-3200"	61	51	41	30	30	8	16	14	21
"hsa-miR-320a-3p_hsa-mir-320a"	12164	11691	11517	13257	6522	3453	3887	3400	5013
"hsa-miR-320b_hsa-mir-320b-1"	411	399	403	586	231	121	205	138	196
"hsa-miR-320b_hsa-mir-320b-2"	438	415	430	619	249	127	208	139	194
"hsa-miR-320c_hsa-mir-320c-1"	103	119	117	142	59	30	47	31	44
"hsa-miR-320c_hsa-mir-320c-2"	129	138	134	158	87	34	54	40	57
"hsa-miR-320d_hsa-mir-320d-1"	70	79	95	94	43	26	25	26	36
"hsa-miR-320d_hsa-mir-320d-2"	58	72	88	91	39	23	23	26	35
"hsa-miR-324-5p_hsa-mir-324"	110	81	75	88	59	19	50	24	27
"hsa-miR-324-3p_hsa-mir-324"	38	30	56	62	24	17	17	15	20
"hsa-miR-326_hsa-mir-326"	129	133	132	173	77	61	42	50	80
"hsa-miR-328-3p_hsa-mir-328"	237	176	288	316	98	58	90	59	66
"hsa-miR-330-5p_hsa-mir-330"	152	161	184	248	120	37	52	63	57
"hsa-miR-330-3p_hsa-mir-330"	83	68	106	59	50	18	21	32	23
"hsa-miR-331-5p_hsa-mir-331"	48	25	31	33	15	17	11	7	22
"hsa-miR-331-3p_hsa-mir-331"	265	198	251	397	131	72	93	61	95
"hsa-miR-335-5p_hsa-mir-335"	2957	2874	3331	2087	1424	1236	830	703	1242
"hsa-miR-335-3p_hsa-mir-335"	4103	3352	5784	2875	2030	1747	1249	1271	2101
"hsa-miR-338-5p_hsa-mir-338"	4225	3305	3755	3510	1965	1268	1227	1162	1589
"hsa-miR-338-3p_hsa-mir-338"	80138	77795	95723	53458	48633	25885	21176	23773	35725
"hsa-miR-339-5p_hsa-mir-339"	815	582	681	567	319	287	233	177	268
"hsa-miR-339-3p_hsa-mir-339"	917	806	967	1439	531	238	244	258	361
"hsa-miR-33a-5p_hsa-mir-33a"	112	71	118	98	49	34	18	25	37
"hsa-miR-33a-3p_hsa-mir-33a"	24	20	19	42	11	4	11	0	3
"hsa-miR-33b-5p_hsa-mir-33b"	10	9	10	15	3	2	1	3	4
"hsa-miR-33b-3p_hsa-mir-33b"	8	7	11	10	4	1	7	3	3
"hsa-miR-340-5p_hsa-mir-340"	4281	4561	4309	2720	2382	959	1174	1226	1735
"hsa-miR-340-3p_hsa-mir-340"	88	92	109	114	53	31	17	28	30
"hsa-miR-342-5p_hsa-mir-342"	21	24	16	44	12	1	12	7	10
"hsa-miR-342-3p_hsa-mir-342"	553	597	400	425	399	236	135	150	151
"hsa-miR-345-5p_hsa-mir-345"	879	623	725	829	427	240	287	206	320
"hsa-miR-34a-5p_hsa-mir-34a"	6726	7082	6235	3837	3446	1342	1389	1483	2007
"hsa-miR-34a-3p_hsa-mir-34a"	12	31	24	26	18	9	11	5	6
"hsa-miR-3605-5p_hsa-mir-3605"	20	12	28	38	11	10	12	4	11
"hsa-miR-3605-3p_hsa-mir-3605"	78	82	74	74	30	33	23	13	34
"hsa-miR-3609_hsa-mir-3609"	120	146	113	93	63	40	47	40	39
"hsa-miR-361-5p_hsa-mir-361"	6440	5459	6290	5730	3310	1882	2036	2014	2735
"hsa-miR-361-3p_hsa-mir-361"	1756	1752	1886	1050	971	581	437	427	652
"hsa-miR-3611_hsa-mir-3611"	8	12	8	16	6	0	1	4	2
"hsa-miR-3613-5p_hsa-mir-3613"	184	150	227	98	45	44	42	17	52
"hsa-miR-3613-3p_hsa-mir-3613"	21	19	9	13	6	7	3	2	7
"hsa-miR-3615_hsa-mir-3615"	249	259	291	484	138	56	72	83	128
"hsa-miR-362-5p_hsa-mir-362"	904	587	590	303	347	208	193	135	267
"hsa-miR-362-3p_hsa-mir-362"	44	50	61	32	26	18	10	16	17
"hsa-miR-3620-3p_hsa-mir-3620"	30	23	20	34	21	17	14	22	26
"hsa-miR-363-3p_hsa-mir-363"	11	21	20	16	13	9	5	8	15
"hsa-miR-3646_hsa-mir-3646"	30	11	27	17	8	12	6	0	13
"hsa-miR-365a-3p_hsa-mir-365a"	457	439	474	374	299	204	189	182	207
"hsa-miR-365b-5p_hsa-mir-365b"	4	3	10	13	10	0	1	9	4
"hsa-miR-365b-3p_hsa-mir-365b"	457	439	474	374	299	204	189	182	207
"hsa-miR-3660_hsa-mir-3660"	10	9	11	7	7	1	2	3	4
"hsa-miR-3661_hsa-mir-3661"	19	26	29	18	12	7	11	7	10
"hsa-miR-3664-3p_hsa-mir-3664"	37	39	38	47	28	13	25	8	23
"hsa-miR-3677-3p_hsa-mir-3677"	21	16	15	15	9	5	4	2	3
"hsa-miR-3691-5p_hsa-mir-3691"	14	8	2	11	10	7	10	4	4
"hsa-miR-371a-5p_hsa-mir-371a"	1650	1958	2045	1919	1201	839	528	633	863
"hsa-miR-371a-3p_hsa-mir-371a"	222	250	252	422	148	53	74	42	96
"hsa-miR-372-5p_hsa-mir-372"	10	21	23	15	8	9	4	12	12
"hsa-miR-372-3p_hsa-mir-372"	2014	2349	2518	2619	1246	547	613	559	1017
"hsa-miR-373-3p_hsa-mir-373"	1438	1714	1695	3943	1265	379	683	781	976
"hsa-miR-374a-5p_hsa-mir-374a"	1285	1033	1346	1082	715	331	359	381	507
"hsa-miR-374a-3p_hsa-mir-374a"	1733	1706	1739	1780	912	394	534	514	768
"hsa-miR-374b-5p_hsa-mir-374b"	762	636	879	858	453	224	289	216	399
"hsa-miR-374b-3p_hsa-mir-374b"	108	77	103	139	42	31	40	23	43
"hsa-miR-375-3p_hsa-mir-375"	6306	7262	7544	9238	3312	1386	1999	1898	2558
"hsa-miR-378a-5p_hsa-mir-378a"	244	163	202	154	136	36	64	46	75
"hsa-miR-378a-3p_hsa-mir-378a"	46043	46340	41751	49461	23108	10462	14093	11983	17910
"hsa-miR-378c_hsa-mir-378c"	2718	2940	2745	1523	1411	769	736	779	1067
"hsa-miR-378d_hsa-mir-378d-1"	739	859	792	335	392	211	184	231	309
"hsa-miR-378d_hsa-mir-378d-2"	933	1086	968	352	520	267	226	287	403
"hsa-miR-378f_hsa-mir-378f"	22	12	12	25	7	1	8	2	4
"hsa-miR-378g_hsa-mir-378g"	33	31	35	48	19	9	22	7	12
"hsa-miR-378i_hsa-mir-378i"	13	22	19	12	16	2	5	3	10
"hsa-miR-381-3p_hsa-mir-381"	27	6	17	28	5	0	4	6	9
"hsa-miR-3909_hsa-mir-3909"	169	191	212	197	105	48	67	47	77
"hsa-miR-3912-3p_hsa-mir-3912"	79	85	69	71	31	8	28	32	32
"hsa-miR-3913-5p_hsa-mir-3913-1"	25	33	29	39	8	17	17	9	19
"hsa-miR-3913-5p_hsa-mir-3913-2"	25	33	29	39	8	17	17	9	19
"hsa-miR-3928-3p_hsa-mir-3928"	8	8	11	8	7	5	5	4	5
"hsa-miR-3934-5p_hsa-mir-3934"	27	26	19	24	10	8	6	3	13
"hsa-miR-421_hsa-mir-421"	6195	6171	6398	8480	3924	1597	2189	2053	2829
"hsa-miR-422a_hsa-mir-422a"	21	18	16	31	10	4	11	4	16
"hsa-miR-423-5p_hsa-mir-423"	12600	13175	17101	29102	9521	5694	6385	5293	9368
"hsa-miR-423-3p_hsa-mir-423"	40823	40041	51804	56252	20611	14060	16447	11379	19157
"hsa-miR-424-5p_hsa-mir-424"	1527	1468	1527	1253	929	372	483	448	694
"hsa-miR-424-3p_hsa-mir-424"	495	553	618	400	269	187	163	171	227
"hsa-miR-425-5p_hsa-mir-425"	5876	5371	6128	7289	3055	1122	1979	1738	2331
"hsa-miR-425-3p_hsa-mir-425"	196	154	165	162	77	31	71	56	62
"hsa-miR-4286_hsa-mir-4286"	117	63	59	65	19	30	34	19	24
"hsa-miR-429_hsa-mir-429"	20722	20835	22293	12834	10631	6899	5524	4220	7768
"hsa-miR-4326_hsa-mir-4326"	243	261	230	352	129	91	63	63	89
"hsa-miR-4424_hsa-mir-4424"	10	5	25	0	3	0	8	0	5
"hsa-miR-4454_hsa-mir-4454"	98	72	70	60	13	12	6	5	13
"hsa-miR-4473_hsa-mir-4473"	8	15	11	33	15	8	2	7	2
"hsa-miR-4482-3p_hsa-mir-4482"	10	8	15	12	3	4	1	2	5
"hsa-miR-4485-3p_hsa-mir-4485"	17	18	6	24	12	31	20	31	9
"hsa-miR-449a_hsa-mir-449a"	13	15	16	22	5	2	4	1	3
"hsa-miR-449b-5p_hsa-mir-449b"	5	4	14	12	3	2	7	4	2
"hsa-miR-449c-5p_hsa-mir-449c"	29	12	18	19	4	0	7	2	5
"hsa-miR-450a-5p_hsa-mir-450a-1"	457	412	439	432	247	131	133	161	184
"hsa-miR-450a-5p_hsa-mir-450a-2"	457	412	438	428	247	130	133	161	184
"hsa-miR-450b-5p_hsa-mir-450b"	1099	953	1222	952	629	445	387	295	491
"hsa-miR-451a_hsa-mir-451a"	54	74	87	56	44	23	25	19	34
"hsa-miR-452-5p_hsa-mir-452"	3522	3116	3198	2722	1738	825	996	961	1321
"hsa-miR-4521_hsa-mir-4521"	39	12	10	1	0	0	0	0	1
"hsa-miR-454-5p_hsa-mir-454"	255	200	222	233	107	67	57	42	76
"hsa-miR-454-3p_hsa-mir-454"	6458	5456	5337	4344	2653	1122	1713	1267	1768
"hsa-miR-455-5p_hsa-mir-455"	2261	1949	1925	1223	1037	726	544	560	704
"hsa-miR-455-3p_hsa-mir-455"	739	557	729	612	354	208	229	173	350
"hsa-miR-4645-3p_hsa-mir-4645"	18	22	23	7	10	11	12	6	12
"hsa-miR-4662a-5p_hsa-mir-4662a"	38	3	27	24	5	1	13	9	6
"hsa-miR-4677-3p_hsa-mir-4677"	111	111	100	124	103	26	36	48	49
"hsa-miR-4713-5p_hsa-mir-4713"	15	21	19	25	8	7	14	10	14
"hsa-miR-4728-3p_hsa-mir-4728"	62	44	82	84	34	26	29	17	55
"hsa-miR-4745-5p_hsa-mir-4745"	19	13	16	25	6	5	2	5	13
"hsa-miR-4746-5p_hsa-mir-4746"	41	48	25	34	9	13	11	9	13
"hsa-miR-4758-3p_hsa-mir-4758"	15	16	15	11	14	6	2	5	8
"hsa-miR-4775_hsa-mir-4775"	20	28	11	21	8	4	8	1	13
"hsa-miR-4797-3p_hsa-mir-4797"	18	16	15	9	4	4	15	4	6
"hsa-miR-4802-3p_hsa-mir-4802"	4	7	12	5	7	1	6	3	2
"hsa-miR-483-5p_hsa-mir-483"	649	740	739	681	411	153	186	203	301
"hsa-miR-483-3p_hsa-mir-483"	337	216	278	375	128	116	119	89	119
"hsa-miR-484_hsa-mir-484"	5628	4651	5167	4121	2547	2303	1711	1279	2166
"hsa-miR-486-5p_hsa-mir-486-1"	598	571	609	410	354	233	170	206	257
"hsa-miR-486-5p_hsa-mir-486-2"	600	571	603	408	347	232	170	205	258
"hsa-miR-489-3p_hsa-mir-489"	35	49	61	37	22	9	14	13	9
"hsa-miR-497-5p_hsa-mir-497"	23	13	19	44	4	3	5	3	7
"hsa-miR-4999-5p_hsa-mir-4999"	16	5	11	10	3	0	4	1	2
"hsa-miR-499a-5p_hsa-mir-499a"	59	38	47	25	29	8	10	4	18
"hsa-miR-5000-3p_hsa-mir-5000"	117	112	116	61	72	55	47	33	57
"hsa-miR-5001-3p_hsa-mir-5001"	15	4	11	7	1	0	5	3	6
"hsa-miR-500a-5p_hsa-mir-500a"	101	78	85	48	62	33	29	22	31
"hsa-miR-500a-3p_hsa-mir-500a"	6434	4812	5369	3803	3257	2056	1843	1820	2449
"hsa-miR-500b-5p_hsa-mir-500b"	85	76	78	46	51	33	26	21	27
"hsa-miR-501-5p_hsa-mir-501"	59	44	45	57	21	20	20	18	19
"hsa-miR-501-3p_hsa-mir-501"	1109	862	692	448	635	508	255	313	347
"hsa-miR-5010-5p_hsa-mir-5010"	2	11	10	9	6	9	3	6	9
"hsa-miR-5010-3p_hsa-mir-5010"	196	137	177	146	76	57	38	23	49
"hsa-miR-502-5p_hsa-mir-502"	40	36	44	55	26	6	21	14	40
"hsa-miR-502-3p_hsa-mir-502"	1959	1659	1809	803	1063	679	499	570	737
"hsa-miR-503-5p_hsa-mir-503"	10	16	14	19	26	7	18	9	15
"hsa-miR-505-5p_hsa-mir-505"	3	11	11	31	6	4	2	6	10
"hsa-miR-505-3p_hsa-mir-505"	189	134	164	436	71	55	97	48	107
"hsa-miR-508-3p_hsa-mir-508"	8	13	14	7	11	6	0	2	6
"hsa-miR-509-3p_hsa-mir-509-1"	50	28	44	74	22	33	12	15	24
"hsa-miR-509-3p_hsa-mir-509-2"	50	28	44	74	22	33	12	15	24
"hsa-miR-509-3p_hsa-mir-509-3"	50	28	44	74	22	33	12	15	24
"hsa-miR-5094_hsa-mir-5094"	26	27	18	12	14	6	7	6	18
"hsa-miR-532-5p_hsa-mir-532"	17161	14913	15293	7213	8123	5213	4729	3990	6100
"hsa-miR-532-3p_hsa-mir-532"	276	281	328	256	153	140	102	72	164
"hsa-miR-542-5p_hsa-mir-542"	38	42	33	37	21	8	11	11	22
"hsa-miR-542-3p_hsa-mir-542"	635	645	584	396	325	138	190	148	230
"hsa-miR-545-5p_hsa-mir-545"	20	31	22	12	18	3	6	1	15
"hsa-miR-548ab_hsa-mir-548ab"	75	92	86	103	45	15	34	33	28
"hsa-miR-548ad-5p_hsa-mir-548ad"	37	34	46	32	16	11	14	10	24
"hsa-miR-548ae-5p_hsa-mir-548ae-2"	32	24	47	31	14	6	11	7	24
"hsa-miR-548ai_hsa-mir-548ai"	4	8	6	6	2	6	3	6	6
"hsa-miR-548aj-5p_hsa-mir-548aj-2"	16	18	12	21	16	8	4	3	5
"hsa-miR-548ak_hsa-mir-548ak"	13	10	18	17	6	3	4	3	10
"hsa-miR-548am-5p_hsa-mir-548am"	104	57	75	50	36	26	22	33	32
"hsa-miR-548aq-3p_hsa-mir-548aq"	13	3	15	7	14	3	3	6	4
"hsa-miR-548ar-5p_hsa-mir-548ar"	15	12	9	18	8	8	3	2	4
"hsa-miR-548at-5p_hsa-mir-548at"	9	15	13	23	7	1	2	3	3
"hsa-miR-548au-5p_hsa-mir-548au"	81	47	63	43	28	18	19	25	25
"hsa-miR-548ay-5p_hsa-mir-548ay"	38	31	49	48	19	12	18	8	25
"hsa-miR-548az-5p_hsa-mir-548az"	21	26	19	10	6	8	8	9	10
"hsa-miR-548b-5p_hsa-mir-548b"	28	21	46	23	13	7	12	7	23
"hsa-miR-548bb-5p_hsa-mir-548bb"	10	7	16	13	6	1	3	3	10
"hsa-miR-548bc_hsa-mir-548bc"	26	15	25	25	20	4	18	9	8
"hsa-miR-548c-5p_hsa-mir-548c"	106	60	78	51	36	25	25	33	33
"hsa-miR-548d-5p_hsa-mir-548d-1"	45	35	49	51	25	14	19	11	29
"hsa-miR-548d-5p_hsa-mir-548d-2"	57	42	69	64	33	18	26	16	33
"hsa-miR-548e-5p_hsa-mir-548e"	48	22	55	51	25	10	16	13	28
"hsa-miR-548e-3p_hsa-mir-548e"	212	213	224	101	115	75	77	41	73
"hsa-miR-548f-5p_hsa-mir-548f-1"	14	14	12	14	14	7	4	1	6
"hsa-miR-548f-3p_hsa-mir-548f-1"	58	73	44	27	45	23	29	30	31
"hsa-miR-548g-5p_hsa-mir-548g"	17	18	13	22	17	8	5	3	5
"hsa-miR-548h-5p_hsa-mir-548h-1"	17	15	12	22	15	8	8	1	5
"hsa-miR-548h-5p_hsa-mir-548h-2"	17	15	12	22	15	8	8	1	5
"hsa-miR-548h-5p_hsa-mir-548h-3"	17	15	12	20	15	8	8	1	5
"hsa-miR-548h-5p_hsa-mir-548h-4"	17	15	12	22	15	8	8	1	5
"hsa-miR-548h-3p_hsa-mir-548h-4"	11	7	8	8	5	5	7	6	5
"hsa-miR-548h-5p_hsa-mir-548h-5"	17	15	15	22	15	8	9	1	5
"hsa-miR-548i_hsa-mir-548i-1"	124	110	114	58	60	38	28	21	40
"hsa-miR-548i_hsa-mir-548i-2"	124	110	114	58	60	38	28	21	40
"hsa-miR-548i_hsa-mir-548i-3"	124	110	114	58	60	38	28	21	40
"hsa-miR-548i_hsa-mir-548i-4"	124	110	114	58	60	38	28	21	40
"hsa-miR-548k_hsa-mir-548k"	1319	1290	1274	1164	703	361	390	327	515
"hsa-miR-548l_hsa-mir-548l"	13	13	6	6	4	5	7	6	4
"hsa-miR-548n_hsa-mir-548n"	30	31	25	26	19	5	10	11	10
"hsa-miR-548o-3p_hsa-mir-548o"	190	197	169	247	103	37	50	51	84
"hsa-miR-548o-3p_hsa-mir-548o-2"	189	197	169	247	103	37	50	51	84
"hsa-miR-548o-5p_hsa-mir-548o-2"	106	60	78	51	36	25	25	33	33
"hsa-miR-548q_hsa-mir-548q"	12	11	10	14	5	1	2	0	1
"hsa-miR-548w_hsa-mir-548w"	12	9	17	14	6	1	3	3	14
"hsa-miR-548x-5p_hsa-mir-548x"	16	18	12	21	16	8	4	3	5
"hsa-miR-548y_hsa-mir-548y"	40	30	48	29	24	15	3	13	17
"hsa-miR-548z_hsa-mir-548z"	11	7	8	8	5	5	7	6	5
"hsa-miR-550a-5p_hsa-mir-550a-1"	51	25	41	40	15	11	14	11	14
"hsa-miR-550a-3p_hsa-mir-550a-1"	73	20	31	50	18	8	13	13	11
"hsa-miR-550a-3-5p_hsa-mir-550a-1"	51	25	41	40	15	11	14	11	14
"hsa-miR-550a-5p_hsa-mir-550a-2"	51	25	41	40	15	11	14	11	14
"hsa-miR-550a-3p_hsa-mir-550a-2"	73	20	31	50	18	8	13	13	11
"hsa-miR-550a-3-5p_hsa-mir-550a-2"	51	25	41	40	15	11	14	11	14
"hsa-miR-550a-3p_hsa-mir-550a-3"	73	20	31	50	18	8	13	13	11
"hsa-miR-551a_hsa-mir-551a"	12	13	10	24	6	3	2	4	2
"hsa-miR-552-5p_hsa-mir-552"	257	294	279	181	156	101	69	94	110
"hsa-miR-552-3p_hsa-mir-552"	274	381	309	134	187	81	81	84	120
"hsa-miR-5585-3p_hsa-mir-5585"	10	16	5	4	2	0	12	4	1
"hsa-miR-5588-5p_hsa-mir-5588"	52	45	41	15	23	11	15	5	13
"hsa-miR-561-5p_hsa-mir-561"	202	148	157	260	86	48	77	59	73
"hsa-miR-5683_hsa-mir-5683"	81	62	57	66	40	16	26	27	27
"hsa-miR-5689_hsa-mir-5689"	17	8	6	18	2	1	4	3	4
"hsa-miR-5695_hsa-mir-5695"	23	21	18	16	16	8	5	1	9
"hsa-miR-5696_hsa-mir-5696"	8	13	17	14	11	6	7	3	6
"hsa-miR-5699-5p_hsa-mir-5699"	36	22	35	8	20	10	8	3	18
"hsa-miR-5699-3p_hsa-mir-5699"	8	7	5	16	4	9	1	5	3
"hsa-miR-570-5p_hsa-mir-570"	4	8	6	6	2	6	3	6	6
"hsa-miR-570-3p_hsa-mir-570"	14	12	14	18	8	3	9	4	8
"hsa-miR-5701_hsa-mir-5701-1"	46	110	89	388	32	3	44	33	40
"hsa-miR-5701_hsa-mir-5701-2"	46	110	89	388	32	3	44	33	40
"hsa-miR-5701_hsa-mir-5701-3"	46	110	89	388	32	3	44	33	40
"hsa-miR-574-5p_hsa-mir-574"	239	178	234	298	129	41	67	70	77
"hsa-miR-574-3p_hsa-mir-574"	957	727	1079	465	412	481	279	181	386
"hsa-miR-576-5p_hsa-mir-576"	75	92	136	151	58	34	20	22	48
"hsa-miR-577_hsa-mir-577"	3214	2616	2646	3901	1715	1499	879	856	1301
"hsa-miR-580-3p_hsa-mir-580"	15	19	15	6	14	4	0	6	6
"hsa-miR-584-5p_hsa-mir-584"	627	738	613	370	453	245	205	264	244
"hsa-miR-589-5p_hsa-mir-589"	1910	1435	1570	1313	852	311	578	485	675
"hsa-miR-589-3p_hsa-mir-589"	161	95	157	269	70	53	55	33	66
"hsa-miR-590-5p_hsa-mir-590"	18	16	20	14	16	6	7	7	4
"hsa-miR-590-3p_hsa-mir-590"	505	504	496	358	275	218	151	121	175
"hsa-miR-592_hsa-mir-592"	11	3	9	16	9	3	3	9	2
"hsa-miR-6128_hsa-mir-6128"	5	16	12	0	1	1	2	5	4
"hsa-miR-615-5p_hsa-mir-615"	32	22	28	33	12	5	16	4	15
"hsa-miR-615-3p_hsa-mir-615"	535	274	511	563	202	221	248	125	239
"hsa-miR-616-5p_hsa-mir-616"	38	39	45	46	23	17	16	9	16
"hsa-miR-619-5p_hsa-mir-619"	16	18	5	21	7	26	23	38	10
"hsa-miR-624-5p_hsa-mir-624"	3	5	14	13	6	2	1	1	1
"hsa-miR-625-5p_hsa-mir-625"	86	46	79	134	35	18	37	21	40
"hsa-miR-625-3p_hsa-mir-625"	81	57	91	55	29	31	24	19	35
"hsa-miR-627-5p_hsa-mir-627"	18	15	24	41	13	0	8	1	5
"hsa-miR-627-3p_hsa-mir-627"	22	21	15	25	22	4	9	8	8
"hsa-miR-628-5p_hsa-mir-628"	132	116	106	168	46	24	41	26	51
"hsa-miR-628-3p_hsa-mir-628"	58	47	63	81	24	9	10	16	26
"hsa-miR-629-5p_hsa-mir-629"	660	589	524	297	370	114	150	147	206
"hsa-miR-629-3p_hsa-mir-629"	16	3	13	12	3	2	4	4	3
"hsa-miR-636_hsa-mir-636"	7	9	13	12	2	2	0	2	4
"hsa-miR-641_hsa-mir-641"	116	92	101	111	49	38	34	36	41
"hsa-miR-6505-3p_hsa-mir-6505"	9	3	4	15	4	5	3	0	6
"hsa-miR-651-5p_hsa-mir-651"	350	336	345	216	181	50	88	84	93
"hsa-miR-6511a-3p_hsa-mir-6511a-1"	25	24	13	27	6	8	6	2	13
"hsa-miR-6511a-3p_hsa-mir-6511a-2"	25	24	13	27	6	8	6	2	13
"hsa-miR-6511a-3p_hsa-mir-6511a-3"	25	24	13	27	6	8	6	2	13
"hsa-miR-6511a-3p_hsa-mir-6511a-4"	25	24	13	27	6	8	6	2	13
"hsa-miR-6511b-3p_hsa-mir-6511b-1"	18	11	25	21	14	8	9	4	20
"hsa-miR-6511b-3p_hsa-mir-6511b-2"	18	10	25	21	13	8	8	4	20
"hsa-miR-6513-3p_hsa-mir-6513"	28	22	16	35	7	11	2	7	2
"hsa-miR-652-5p_hsa-mir-652"	145	145	116	43	65	43	31	16	48
"hsa-miR-652-3p_hsa-mir-652"	1087	925	994	871	529	204	297	252	346
"hsa-miR-653-5p_hsa-mir-653"	40	62	69	62	42	20	20	6	26
"hsa-miR-659-5p_hsa-mir-659"	54	72	49	55	34	12	15	10	19
"hsa-miR-660-5p_hsa-mir-660"	8116	7322	7370	3780	4129	2594	2024	1930	2777
"hsa-miR-664a-5p_hsa-mir-664a"	15	20	24	19	11	8	6	7	9
"hsa-miR-664a-3p_hsa-mir-664a"	122	104	101	82	82	31	35	38	64
"hsa-miR-671-5p_hsa-mir-671"	81	42	76	39	35	21	17	10	29
"hsa-miR-671-3p_hsa-mir-671"	214	206	377	206	81	106	86	63	120
"hsa-miR-6715a-3p_hsa-mir-6715a"	25	4	24	18	5	3	1	0	4
"hsa-miR-6716-3p_hsa-mir-6716"	11	12	9	8	2	4	0	5	2
"hsa-miR-6724-5p_hsa-mir-6724-1"	26	32	28	33	19	5	2	4	7
"hsa-miR-6724-5p_hsa-mir-6724-2"	26	32	28	33	19	5	2	4	7
"hsa-miR-6724-5p_hsa-mir-6724-3"	26	32	28	33	19	5	2	4	7
"hsa-miR-6724-5p_hsa-mir-6724-4"	26	32	28	33	19	5	2	4	7
"hsa-miR-6737-3p_hsa-mir-6737"	4	4	17	13	2	2	9	0	1
"hsa-miR-6741-3p_hsa-mir-6741"	13	19	8	14	3	4	5	6	0
"hsa-miR-6747-3p_hsa-mir-6747"	19	7	18	16	17	13	1	1	6
"hsa-miR-676-3p_hsa-mir-676"	44	33	45	55	14	20	31	15	15
"hsa-miR-6777-3p_hsa-mir-6777"	10	5	7	13	4	1	5	0	3
"hsa-miR-6783-3p_hsa-mir-6783"	9	14	10	8	5	3	5	2	3
"hsa-miR-6786-3p_hsa-mir-6786"	7	8	9	9	3	4	2	1	3
"hsa-miR-6798-3p_hsa-mir-6798"	12	8	18	19	9	2	2	3	4
"hsa-miR-6803-3p_hsa-mir-6803"	7	8	9	13	6	5	6	8	17
"hsa-miR-6810-3p_hsa-mir-6810"	13	28	15	11	8	12	13	9	9
"hsa-miR-6837-3p_hsa-mir-6837"	6	7	8	9	3	4	6	2	6
"hsa-miR-6842-3p_hsa-mir-6842"	59	47	57	53	27	13	18	16	27
"hsa-miR-6853-3p_hsa-mir-6853"	11	10	15	3	4	4	0	3	5
"hsa-miR-6859-5p_hsa-mir-6859-1"	13	6	19	16	1	3	10	7	5
"hsa-miR-6859-5p_hsa-mir-6859-2"	13	6	19	16	1	3	10	7	5
"hsa-miR-6859-5p_hsa-mir-6859-3"	13	6	19	16	1	3	10	7	5
"hsa-miR-6859-5p_hsa-mir-6859-4"	13	6	19	16	1	3	10	7	5
"hsa-miR-7-5p_hsa-mir-7-1"	465	342	306	76	129	67	43	49	60
"hsa-miR-7-1-3p_hsa-mir-7-1"	69	52	83	56	45	16	21	13	34
"hsa-miR-7-5p_hsa-mir-7-2"	465	343	306	76	128	67	43	49	60
"hsa-miR-7-5p_hsa-mir-7-3"	465	342	305	76	128	67	43	49	60
"hsa-miR-7114-3p_hsa-mir-7114"	16	10	8	9	4	1	5	0	4
"hsa-miR-744-5p_hsa-mir-744"	474	347	494	869	243	145	216	200	230
"hsa-miR-744-3p_hsa-mir-744"	31	11	21	52	2	4	4	8	5
"hsa-miR-766-3p_hsa-mir-766"	13	16	10	0	2	4	4	3	3
"hsa-miR-769-5p_hsa-mir-769"	3315	3173	3295	3187	1766	669	1202	969	1370
"hsa-miR-769-3p_hsa-mir-769"	13	7	10	6	7	0	6	4	3
"hsa-miR-7704_hsa-mir-7704"	6	5	11	12	6	6	8	19	6
"hsa-miR-7705_hsa-mir-7705"	8	7	2	16	10	2	2	1	1
"hsa-miR-7706_hsa-mir-7706"	992	1011	1012	616	521	381	300	308	405
"hsa-miR-7974_hsa-mir-7974"	158	108	122	94	41	19	52	20	64
"hsa-miR-7977_hsa-mir-7977"	35	21	35	24	11	10	5	12	13
"hsa-miR-874-3p_hsa-mir-874"	56	27	14	25	9	12	15	5	9
"hsa-miR-877-5p_hsa-mir-877"	109	91	128	484	66	54	63	28	65
"hsa-miR-891a-5p_hsa-mir-891a"	9	14	14	10	3	4	2	1	2
"hsa-miR-9-5p_hsa-mir-9-1"	1773	2376	1684	1590	1345	435	465	509	649
"hsa-miR-9-3p_hsa-mir-9-1"	68	95	76	30	37	43	17	26	26
"hsa-miR-9-5p_hsa-mir-9-2"	1773	2376	1684	1590	1345	435	465	509	649
"hsa-miR-9-3p_hsa-mir-9-2"	68	95	76	30	37	43	17	26	26
"hsa-miR-9-5p_hsa-mir-9-3"	1773	2376	1684	1590	1345	435	465	509	649
"hsa-miR-9-3p_hsa-mir-9-3"	64	87	72	27	36	36	16	26	26
"hsa-miR-92a-1-5p_hsa-mir-92a-1"	78	45	43	61	15	9	16	9	12
"hsa-miR-92a-3p_hsa-mir-92a-1"	568234	562449	635181	443237	307082	177315	198071	165297	264773
"hsa-miR-92a-3p_hsa-mir-92a-2"	535445	526781	595254	407650	286878	165694	185594	155002	246764
"hsa-miR-92b-3p_hsa-mir-92b"	2307	2185	2591	2289	1269	931	782	725	1106
"hsa-miR-93-5p_hsa-mir-93"	19744	15981	17685	20762	9526	4383	6066	5183	7772
"hsa-miR-93-3p_hsa-mir-93"	332	224	251	263	153	165	90	65	136
"hsa-miR-934_hsa-mir-934"	43	31	35	52	20	10	15	15	7
"hsa-miR-937-3p_hsa-mir-937"	4	7	9	17	0	3	2	1	7
"hsa-miR-940_hsa-mir-940"	20	18	25	41	7	2	9	11	20
"hsa-miR-941_hsa-mir-941-1"	9838	7688	8934	6853	4780	2616	2939	2677	3818
"hsa-miR-941_hsa-mir-941-2"	9838	7688	8934	6853	4780	2616	2939	2677	3818
"hsa-miR-941_hsa-mir-941-3"	9838	7688	8934	6853	4780	2616	2939	2677	3818
"hsa-miR-941_hsa-mir-941-4"	9838	7688	8934	6853	4780	2616	2939	2677	3818
"hsa-miR-941_hsa-mir-941-5"	9838	7688	8934	6853	4780	2616	2939	2677	3818
"hsa-miR-942-5p_hsa-mir-942"	58	45	52	76	23	42	25	14	14
"hsa-miR-95-3p_hsa-mir-95"	38	25	33	29	19	16	8	7	16
"hsa-miR-96-5p_hsa-mir-96"	1378	1258	1260	1328	856	604	306	406	548
"hsa-miR-98-5p_hsa-mir-98"	4066	4432	3758	3018	2665	954	958	1174	1488
"hsa-miR-98-3p_hsa-mir-98"	119	138	138	164	46	30	33	37	43
"hsa-miR-9898_hsa-mir-9898"	9	9	10	2	9	3	4	2	2
"hsa-miR-9903_hsa-mir-9903"	30	19	16	34	16	7	6	9	11
"hsa-miR-9985_hsa-mir-9985"	169	145	173	143	88	32	44	55	64
"hsa-miR-9986_hsa-mir-9986"	15	8	9	14	11	1	3	1	0
"hsa-miR-99a-5p_hsa-mir-99a"	36	33	26	20	22	6	12	8	12
"hsa-miR-99b-5p_hsa-mir-99b"	20527	16223	15849	9507	11162	9937	5359	6065	7446
"hsa-miR-99b-3p_hsa-mir-99b"	170	141	127	169	71	29	55	58	46
