Rank	ID	GeneSet	NumGenes	Type	p.value	p.adj	vote.rank	avg.rank	med.rank	min.pvalue	min.rank	avg.logfc	avg.logfc.dir	direction	significance	camera	roast	safe	gage	padog	plage	zscore	gsva	ssgsea	globaltest	ora	fry
1	hsa03010	Ribosome	128/154	Signaling	2.59420997534016e-05	0.00374863341436652	255	133.666666666667	111	2.161867351119e-06	1	0.254221702301112	0.265691462974769	1	10.5910466809433	1	108	205	254	184	251	78	76	95	88	150	114
2	hsa04010	MAPK signaling pathway	196/255	Signaling	1.56369000896942e-05	0.00374863341436652	20	103.25	91	1.30308434659243e-06	1	2.26920722205556	2.26920722205556	1	94.5366957419553	258	145	16	55	1	93	278	148	135	20	1	89
3	hsa03040	Spliceosome	129/134	Signaling	0.000111181313252708	0.0107104665100109	25	55.25	24	9.26558160365604e-06	2	0.256020785283386	0.291644274923349	1	8.66156590828359	2	22	25	259	44	5	6	6	30	84	157	23
4	hsa00533	Glycosaminoglycan biosynthesis - keratan sulfate	11/14	Metabolism	0.00217963768540962	0.0449939493630987	75	98.75	108.5	0.000181818181818182	4	0.368201365347482	-0.382094541358684	-1	8.51561506141397	111	143	4	74	8	216	161	116	75	31	106	140
5	hsa03050	Proteasome	39/44	Signaling	0.00168759314516287	0.0449939493630987	50	101.833333333333	53	0.000140741656178484	3	0.223979833928435	0.241236258122594	1	5.18011669515701	3	46	188	239	162	232	26	22	40	59	158	47
6	hsa04110	Cell cycle	122/124	Signaling	0.00217963768540962	0.0449939493630987	10	39.5833333333333	15	0.000181818181818182	3	1.04380885287895	1.04380885287895	1	24.1407970208573	7	12	18	262	4	36	3	7	21	47	52	6
7	hsa04120	Ubiquitin mediated proteolysis	128/137	Signaling	0.00217963768540962	0.0449939493630987	25	63.75	23	0.000181818181818182	2	0.24025157735134	0.256598069204049	1	5.55644312207279	25	11	6	265	2	25	7	21	93	115	178	17
8	hsa04668	TNF signaling pathway	91/108	Signaling	0.00144953192049793	0.0449939493630987	10	37.75	13	0.000120874653088854	1	2.60005557558586	2.60005557558586	1	60.1330538635556	30	1	37	21	6	189	10	127	9	16	6	1
9	hsa05132	Salmonella infection	67/86	Disease	0.00217963768540962	0.0449939493630987	15	41.1666666666667	26.5	0.000181818181818182	5	4.3238375695944	4.3238375695944	1	100	80	25	13	28	5	60	24	72	130	13	32	12
10	hsa05133	Pertussis	51/76	Disease	0.00217963768540962	0.0449939493630987	10	33.6666666666667	11.5	0.000181818181818182	2	4.3238375695944	4.3238375695944	1	100	129	8	2	13	7	16	71	113	10	6	24	5
11	hsa05161	Hepatitis B	116/144	Disease	0.00217963768540962	0.0449939493630987	10	72.6666666666667	61.5	0.000181818181818182	8	2.99903098014889	2.99903098014889	1	69.3603987475176	93	18	107	82	9	140	41	118	235	10	8	11
12	hsa05168	Herpes simplex infection	136/185	Disease	0.00199681966537838	0.0449939493630987	5	47	23.5	0.00016655412563075	2	4.3238375695944	4.3238375695944	1	100	63	3	17	190	3	70	2	18	113	29	54	2
13	hsa05202	Transcriptional misregulation in cancer	122/180	Disease	0.000856966798587802	0.0449939493630987	15	97.4166666666667	63	7.14419649473438e-05	2	2.14268510812645	2.14268510812645	1	49.5551711301349	191	106	42	39	11	57	172	246	219	15	2	69
14	hsa05210	Colorectal cancer	57/60	Disease	0.00217963768540962	0.0449939493630987	5	52.0833333333333	22	0.000181818181818182	3	2.68382321123668	2.68382321123668	1	62.0703985104286	62	5	127	96	10	178	33	92	4	4	11	3
15	hsa04350	TGF-beta signaling pathway	68/84	Signaling	0.00316859388929824	0.0610482422671461	10	52.8333333333333	35.5	0.000264433740599861	3	1.25931458837254	1.25931458837254	1	26.2592641655693	53	9	50	125	20	208	37	77	8	34	3	10
16	hsa03022	Basal transcription factors	39/45	Signaling	0.00672966418574045	0.0982783214478099	5	40.1666666666667	9	0.000562542587151245	1	0.284531911749014	0.33306085492017	1	4.92274090411951	4	4	27	181	32	12	1	1	6	55	155	4
17	hsa04380	Osteoclast differentiation	85/130	Signaling	0.00610654808944649	0.0982783214478099	140	112.666666666667	92.5	0.000510308857105996	5	3.18131166009211	3.18131166009211	1	55.0404806652996	136	77	220	66	108	236	126	253	65	9	5	51
18	hsa04727	GABAergic synapse	42/88	Signaling	0.00680126792026366	0.0982783214478099	185	184.75	216.5	0.000568546811816178	2	0.336749668818445	-0.247175255003643	-1	5.82617029367361	183	277	231	37	258	84	288	143	2	214	219	281
19	hsa05031	Amphetamine addiction	42/68	Disease	0.00658974728215796	0.0982783214478099	15	44.75	20	0.000550811208345188	1	3.8917767293127	3.8917767293127	1	67.3323725390165	31	6	193	12	55	131	25	47	1	11	10	15
20	hsa05166	HTLV-I infection	200/256	Disease	0.00570417078652647	0.0982783214478099	190	102.666666666667	97	0.000476594867668332	4	3.31446127869385	3.31446127869385	1	57.3441276506112	186	43	117	135	31	142	77	186	259	18	4	34
21	hsa00514	Other types of O-glycan biosynthesis	20/22	Metabolism	0.0096498776879537	0.132800697705649	10	35.3333333333333	14	0.00080773522904591	2	0.277463937688576	-0.318403203051039	-1	4.1775305087637	10	10	32	128	18	53	4	2	3	56	101	7
22	hsa04550	Signaling pathways regulating pluripotency of stem cells	103/139	Signaling	0.0106708508136404	0.140176176597367	140	162.166666666667	159.5	0.000893616539297289	7	1.25931458837254	1.25931458837254	1	18.4527811238324	204	148	171	138	80	181	210	287	271	112	7	137
23	hsa03013	RNA transport	147/171	Signaling	0.0153445632267245	0.184774115521807	30	62.6666666666667	33	0.00128779586085686	6	0.237212716447193	0.263924479910108	1	2.987220170708	6	30	61	264	36	30	9	24	62	52	151	27
24	hsa03015	mRNA surveillance pathway	78/91	Signaling	0.0152025119467129	0.184774115521807	5	60.25	32	0.00127579005642449	3	0.234827946063093	0.253578429618387	1	2.95718875239461	5	29	12	261	33	44	11	3	105	37	152	31
25	hsa00561	Glycerolipid metabolism	45/59	Metabolism	0.0194202287927086	0.216173685446832	200	91.5	64	0.00163293855041163	5	0.238422202144745	-0.222097378147485	-1	2.72338980638656	61	44	199	173	200	147	34	14	5	67	108	46
26	hsa04390	Hippo signaling pathway	127/154	Signaling	0.019448151631895	0.216173685446832	165	115.75	117	0.00163530769361045	9	1.13316314106612	1.13316314106612	1	12.9436141673713	164	113	35	177	30	121	143	229	220	49	9	99
27	hsa03018	RNA degradation	73/77	Signaling	0.023737752105285	0.254081865126939	5	44.6666666666667	10.5	0.002	1	0.275137532683963	0.329501261010349	1	2.81124529036843	12	2	1	240	12	4	5	9	48	41	153	9
28	hsa04060	Cytokine-cytokine receptor interaction	109/270	Signaling	0.0249107615467149	0.257114645964308	240	184.25	220	0.00209998240797076	1	0.401445616168266	-0.321758474710353	-1	4.06628761167673	240	188	251	1	246	274	257	81	239	64	169	201
29	hsa00232	Caffeine metabolism	2/5	Metabolism	0.0265432988344371	0.264517702177666	275	161.090909090909	160	0.00268657793749236	1	0.622515076958808	-0.72568435841052	-1	6.17374403081936	278	275	5	270	NA	1	273	157	160	2	76	275
30	hsa05323	Rheumatoid arthritis	46/90	Disease	0.0281615365671886	0.271289468930583	20	58.0833333333333	26	0.00237764210531565	2	4.3238375695944	4.3238375695944	1	42.0662134103963	41	19	183	2	78	11	32	178	101	19	20	13
31	hsa04728	Dopaminergic synapse	86/130	Signaling	0.0324820417007011	0.302816453274278	10	36.4166666666667	29.5	0.00274799173105365	7	4.3238375695944	4.3238375695944	1	38.5211505597263	54	7	89	69	29	47	12	30	24	23	45	8
32	hsa04914	Progesterone-mediated oocyte maturation	72/96	Signaling	0.0347809968525778	0.304597214860454	30	62.6666666666667	37	0.00294567438952526	7	0.337365639811182	0.402476815503993	1	2.99084482743178	113	27	19	134	28	15	35	55	7	50	230	39
33	hsa05012	Parkinson's disease	120/142	Disease	0.0342957588294794	0.304597214860454	10	164.583333333333	163	0.00290391381261572	8	0.254552222639163	0.269789208783509	1	2.25667970972622	8	118	226	126	220	247	96	136	190	232	251	125
34	hsa00531	Glycosaminoglycan degradation	16/19	Metabolism	0.0428990854917012	0.354223877345761	15	73.8333333333333	63.5	0.00364720309540924	9	0.252224844421755	-0.256163016775381	-1	1.95213341431046	9	26	156	140	163	95	19	11	12	119	104	32
35	hsa00601	Glycosphingolipid biosynthesis - lacto and neolacto series	17/27	Metabolism	0.0422952458657796	0.354223877345761	120	88.75	97.5	0.00359483458434494	2	0.340714182611008	-0.40741717991753	-1	2.63701042890081	120	130	15	97	16	2	98	45	274	30	117	121
